  0.0000000e+000  7.6000000e-001  2.4000000e-001
  4.0000000e-002  5.8000000e-001  3.8000000e-001
  7.4000000e-001  2.2000000e-001  4.0000000e-002
  6.2000000e-001  2.4000000e-001  1.4000000e-001
  2.8000000e-001  5.4000000e-001  1.6000000e-001
  3.0000000e-001  5.2000000e-001  1.8000000e-001
  0.0000000e+000  8.4000000e-001  1.6000000e-001
  0.0000000e+000  8.0000000e-001  2.0000000e-001
  1.6000000e-001  4.2000000e-001  4.2000000e-001
  3.8000000e-001  4.2000000e-001  1.8000000e-001
  2.0000000e-002  8.2000000e-001  1.6000000e-001
  0.0000000e+000  6.8000000e-001  3.0000000e-001
  6.0000000e-002  5.2000000e-001  4.2000000e-001
  0.0000000e+000  7.6000000e-001  2.2000000e-001
  0.0000000e+000  8.8000000e-001  1.2000000e-001
  0.0000000e+000  8.6000000e-001  1.4000000e-001
  2.0000000e-002  7.4000000e-001  2.2000000e-001
  9.2000000e-001  6.0000000e-002  2.0000000e-002
  0.0000000e+000  9.2000000e-001  4.0000000e-002
  0.0000000e+000  6.0000000e-001  3.8000000e-001
  6.6000000e-001  1.8000000e-001  1.6000000e-001
  6.8000000e-001  2.4000000e-001  8.0000000e-002
  0.0000000e+000  5.6000000e-001  4.4000000e-001
  4.0000000e-002  7.6000000e-001  2.0000000e-001
  2.0000000e-002  6.6000000e-001  3.2000000e-001
  4.8000000e-001  3.6000000e-001  1.4000000e-001
  6.0000000e-001  2.8000000e-001  6.0000000e-002
  0.0000000e+000  8.6000000e-001  1.4000000e-001
  8.0000000e-002  8.2000000e-001  1.0000000e-001
  2.0000000e-002  8.6000000e-001  1.2000000e-001
  0.0000000e+000  8.0000000e-001  1.8000000e-001
  0.0000000e+000  9.0000000e-001  1.0000000e-001
  3.2000000e-001  5.2000000e-001  1.6000000e-001
  0.0000000e+000  4.8000000e-001  5.0000000e-001
  2.0000000e-002  7.4000000e-001  2.4000000e-001
  7.0000000e-001  2.2000000e-001  6.0000000e-002
  0.0000000e+000  7.8000000e-001  2.2000000e-001
  8.4000000e-001  1.4000000e-001  2.0000000e-002
  8.0000000e-002  7.2000000e-001  1.4000000e-001
  9.8000000e-001  0.0000000e+000  0.0000000e+000
  2.2000000e-001  4.6000000e-001  3.2000000e-001
  2.0000000e-002  6.8000000e-001  2.8000000e-001
  4.4000000e-001  3.6000000e-001  1.6000000e-001
  1.2000000e-001  4.8000000e-001  4.0000000e-001
  2.0000000e-002  6.4000000e-001  3.4000000e-001
  5.0000000e-001  3.4000000e-001  1.4000000e-001
  1.2000000e-001  7.4000000e-001  1.2000000e-001
  8.0000000e-002  6.0000000e-001  3.0000000e-001
  0.0000000e+000  8.6000000e-001  1.0000000e-001
  0.0000000e+000  8.0000000e-001  2.0000000e-001
  6.4000000e-001  2.0000000e-001  1.2000000e-001
  0.0000000e+000  7.0000000e-001  2.6000000e-001
  3.2000000e-001  4.6000000e-001  2.2000000e-001
  1.0000000e-001  6.6000000e-001  2.4000000e-001
  0.0000000e+000  9.0000000e-001  1.0000000e-001
  7.2000000e-001  1.6000000e-001  1.2000000e-001
  6.4000000e-001  3.0000000e-001  6.0000000e-002
  2.0000000e-002  6.4000000e-001  3.2000000e-001
  2.6000000e-001  6.2000000e-001  8.0000000e-002
  8.6000000e-001  1.2000000e-001  2.0000000e-002
  1.0000000e+000  0.0000000e+000  0.0000000e+000
  2.8000000e-001  3.8000000e-001  3.4000000e-001
  9.4000000e-001  4.0000000e-002  2.0000000e-002
  1.6000000e-001  6.2000000e-001  2.2000000e-001
  3.6000000e-001  5.0000000e-001  1.2000000e-001
  4.8000000e-001  4.2000000e-001  1.0000000e-001
  5.0000000e-001  2.4000000e-001  2.4000000e-001
  0.0000000e+000  6.8000000e-001  3.2000000e-001
  1.4000000e-001  7.0000000e-001  1.4000000e-001
  7.2000000e-001  1.6000000e-001  1.2000000e-001
  2.0000000e-002  6.8000000e-001  3.0000000e-001
  7.4000000e-001  1.4000000e-001  1.2000000e-001
  9.0000000e-001  8.0000000e-002  2.0000000e-002
  0.0000000e+000  8.6000000e-001  6.0000000e-002
  3.6000000e-001  4.2000000e-001  2.0000000e-001
  8.6000000e-001  1.2000000e-001  2.0000000e-002
  4.6000000e-001  3.4000000e-001  1.8000000e-001
  8.0000000e-001  8.0000000e-002  1.2000000e-001
  0.0000000e+000  8.6000000e-001  1.4000000e-001
  9.4000000e-001  0.0000000e+000  6.0000000e-002
  0.0000000e+000  7.4000000e-001  2.6000000e-001
  1.4000000e-001  5.6000000e-001  3.0000000e-001
  0.0000000e+000  8.0000000e-001  2.0000000e-001
  0.0000000e+000  7.6000000e-001  2.2000000e-001
  0.0000000e+000  8.4000000e-001  6.0000000e-002
  0.0000000e+000  9.2000000e-001  0.0000000e+000
  0.0000000e+000  8.0000000e-001  2.0000000e-001
  0.0000000e+000  8.4000000e-001  1.2000000e-001
  1.8000000e-001  6.2000000e-001  1.8000000e-001
  9.2000000e-001  6.0000000e-002  2.0000000e-002
  0.0000000e+000  8.4000000e-001  1.4000000e-001
  0.0000000e+000  6.2000000e-001  3.6000000e-001
  3.0000000e-001  5.0000000e-001  1.4000000e-001
  6.0000000e-002  7.2000000e-001  2.0000000e-001
  0.0000000e+000  8.0000000e-001  1.8000000e-001
  4.4000000e-001  4.4000000e-001  1.0000000e-001
  0.0000000e+000  8.0000000e-001  2.0000000e-001
  8.0000000e-001  2.0000000e-002  1.8000000e-001
  0.0000000e+000  8.8000000e-001  1.2000000e-001
  2.6000000e-001  6.2000000e-001  8.0000000e-002
  8.0000000e-002  7.2000000e-001  2.0000000e-001
  7.8000000e-001  1.8000000e-001  4.0000000e-002
  0.0000000e+000  8.4000000e-001  1.6000000e-001
  0.0000000e+000  7.8000000e-001  2.2000000e-001
  6.2000000e-001  6.0000000e-002  3.2000000e-001
  0.0000000e+000  8.6000000e-001  1.4000000e-001
  0.0000000e+000  8.2000000e-001  1.8000000e-001
  7.4000000e-001  1.8000000e-001  8.0000000e-002
  1.0000000e-001  6.8000000e-001  1.8000000e-001
  0.0000000e+000  8.6000000e-001  1.4000000e-001
  2.4000000e-001  4.0000000e-001  3.4000000e-001
  1.0000000e-001  5.8000000e-001  3.0000000e-001
  0.0000000e+000  6.4000000e-001  3.6000000e-001
  0.0000000e+000  6.8000000e-001  3.2000000e-001
  0.0000000e+000  7.0000000e-001  3.0000000e-001
  0.0000000e+000  7.6000000e-001  2.4000000e-001
  1.2000000e-001  6.0000000e-001  2.6000000e-001
  0.0000000e+000  8.2000000e-001  1.8000000e-001
  2.0000000e-002  6.6000000e-001  3.2000000e-001
  2.6000000e-001  5.4000000e-001  2.0000000e-001
  2.4000000e-001  5.0000000e-001  2.6000000e-001
  0.0000000e+000  6.8000000e-001  3.2000000e-001
  1.6000000e-001  6.2000000e-001  2.2000000e-001
  0.0000000e+000  9.0000000e-001  1.0000000e-001
  0.0000000e+000  9.6000000e-001  4.0000000e-002
  6.0000000e-002  6.8000000e-001  2.6000000e-001
  0.0000000e+000  8.0000000e-001  1.6000000e-001
  0.0000000e+000  8.4000000e-001  1.4000000e-001
  1.4000000e-001  6.4000000e-001  2.0000000e-001
  0.0000000e+000  9.2000000e-001  6.0000000e-002
  0.0000000e+000  8.6000000e-001  1.4000000e-001
  0.0000000e+000  8.6000000e-001  1.4000000e-001
  0.0000000e+000  7.6000000e-001  2.4000000e-001
  1.0000000e+000  0.0000000e+000  0.0000000e+000
  2.0000000e-002  6.2000000e-001  3.4000000e-001
  9.0000000e-001  4.0000000e-002  6.0000000e-002
  0.0000000e+000  7.0000000e-001  1.6000000e-001
  2.0000000e-002  7.2000000e-001  2.4000000e-001
  1.6000000e-001  6.8000000e-001  1.2000000e-001
  6.0000000e-001  2.8000000e-001  1.2000000e-001
  0.0000000e+000  7.8000000e-001  2.2000000e-001
  2.4000000e-001  6.0000000e-001  1.6000000e-001
  1.0000000e-001  7.0000000e-001  1.6000000e-001
  8.0000000e-002  6.0000000e-001  3.2000000e-001
  2.0000000e-002  7.8000000e-001  1.8000000e-001
  0.0000000e+000  7.4000000e-001  2.6000000e-001
  2.2000000e-001  5.2000000e-001  2.6000000e-001
  7.8000000e-001  1.4000000e-001  6.0000000e-002
  0.0000000e+000  8.4000000e-001  1.4000000e-001
  0.0000000e+000  7.4000000e-001  2.6000000e-001
  1.0000000e-001  5.6000000e-001  3.4000000e-001
  2.0000000e-002  7.2000000e-001  2.6000000e-001
  0.0000000e+000  7.0000000e-001  3.0000000e-001
  0.0000000e+000  9.6000000e-001  4.0000000e-002
  3.6000000e-001  5.6000000e-001  6.0000000e-002
  4.6000000e-001  3.4000000e-001  1.8000000e-001
  0.0000000e+000  7.0000000e-001  2.8000000e-001
  0.0000000e+000  7.6000000e-001  2.4000000e-001
  0.0000000e+000  8.0000000e-001  2.0000000e-001
  0.0000000e+000  7.4000000e-001  2.6000000e-001
  2.0000000e-002  7.4000000e-001  2.4000000e-001
  2.0000000e-001  6.0000000e-001  1.8000000e-001
  0.0000000e+000  8.4000000e-001  1.6000000e-001
  3.6000000e-001  2.6000000e-001  3.6000000e-001
  1.0000000e-001  5.2000000e-001  3.8000000e-001
  0.0000000e+000  6.8000000e-001  3.2000000e-001
  0.0000000e+000  8.4000000e-001  1.4000000e-001
  0.0000000e+000  8.6000000e-001  1.4000000e-001
  2.0000000e-002  5.4000000e-001  4.4000000e-001
  0.0000000e+000  6.6000000e-001  3.4000000e-001
  5.4000000e-001  3.4000000e-001  1.2000000e-001
  1.6000000e-001  5.4000000e-001  3.0000000e-001
  2.4000000e-001  5.4000000e-001  1.8000000e-001
  4.4000000e-001  4.4000000e-001  1.2000000e-001
  1.6000000e-001  5.6000000e-001  2.6000000e-001
  0.0000000e+000  9.0000000e-001  1.0000000e-001
  1.0000000e-001  6.0000000e-001  3.0000000e-001
  8.0000000e-002  6.6000000e-001  2.6000000e-001
  0.0000000e+000  7.2000000e-001  2.6000000e-001
  3.2000000e-001  5.2000000e-001  1.6000000e-001
  4.8000000e-001  3.0000000e-001  2.2000000e-001
  5.4000000e-001  2.4000000e-001  2.2000000e-001
  0.0000000e+000  6.6000000e-001  3.2000000e-001
  7.2000000e-001  1.4000000e-001  1.4000000e-001
  2.0000000e-002  4.8000000e-001  5.0000000e-001
  0.0000000e+000  7.6000000e-001  2.4000000e-001
  4.0000000e-002  6.4000000e-001  3.2000000e-001
  1.4000000e-001  6.2000000e-001  2.4000000e-001
  0.0000000e+000  8.0000000e-001  1.8000000e-001
  0.0000000e+000  7.4000000e-001  2.2000000e-001
  0.0000000e+000  7.8000000e-001  2.2000000e-001
  2.0000000e-001  5.4000000e-001  2.6000000e-001
  0.0000000e+000  8.4000000e-001  8.0000000e-002
  2.6000000e-001  4.0000000e-001  3.4000000e-001
  2.0000000e-002  6.0000000e-001  3.6000000e-001
  5.0000000e-001  2.8000000e-001  2.2000000e-001
  0.0000000e+000  7.4000000e-001  2.6000000e-001
  1.0000000e-001  7.8000000e-001  1.0000000e-001
  7.4000000e-001  2.0000000e-001  6.0000000e-002
  0.0000000e+000  6.6000000e-001  3.4000000e-001
  0.0000000e+000  6.6000000e-001  3.0000000e-001
  2.0000000e-001  4.4000000e-001  3.6000000e-001
  9.2000000e-001  8.0000000e-002  0.0000000e+000
  6.0000000e-002  8.0000000e-001  1.2000000e-001
  1.6000000e-001  6.0000000e-001  2.2000000e-001
  4.0000000e-002  8.8000000e-001  6.0000000e-002
  4.0000000e-002  7.0000000e-001  2.4000000e-001
  0.0000000e+000  8.4000000e-001  1.4000000e-001
  9.0000000e-001  8.0000000e-002  2.0000000e-002
  0.0000000e+000  5.2000000e-001  4.6000000e-001
  1.8000000e-001  6.0000000e-001  2.2000000e-001
  2.0000000e-002  7.4000000e-001  2.4000000e-001
  1.6000000e-001  6.4000000e-001  1.4000000e-001
  2.0000000e-002  8.2000000e-001  1.4000000e-001
  9.4000000e-001  6.0000000e-002  0.0000000e+000
  7.0000000e-001  2.0000000e-001  8.0000000e-002
  6.0000000e-002  6.6000000e-001  2.6000000e-001
  0.0000000e+000  7.6000000e-001  2.4000000e-001
  2.4000000e-001  4.2000000e-001  3.4000000e-001
  3.4000000e-001  4.8000000e-001  1.8000000e-001
  0.0000000e+000  7.6000000e-001  2.2000000e-001
  0.0000000e+000  8.2000000e-001  1.8000000e-001
  6.0000000e-002  7.2000000e-001  2.0000000e-001
  0.0000000e+000  8.0000000e-001  1.6000000e-001
  1.6000000e-001  6.4000000e-001  2.0000000e-001
  0.0000000e+000  8.4000000e-001  1.6000000e-001
  1.2000000e-001  4.6000000e-001  4.2000000e-001
  2.0000000e-002  7.6000000e-001  2.2000000e-001
  1.4000000e-001  4.6000000e-001  4.0000000e-001
  8.0000000e-001  1.2000000e-001  8.0000000e-002
  1.8000000e-001  5.0000000e-001  3.2000000e-001
  1.6000000e-001  6.8000000e-001  1.6000000e-001
  4.0000000e-002  5.4000000e-001  4.2000000e-001
  9.2000000e-001  4.0000000e-002  2.0000000e-002
  2.6000000e-001  5.2000000e-001  2.2000000e-001
  9.4000000e-001  4.0000000e-002  2.0000000e-002
  1.6000000e-001  7.2000000e-001  2.0000000e-002
  0.0000000e+000  7.8000000e-001  1.2000000e-001
  1.0000000e-001  7.4000000e-001  1.6000000e-001
  6.2000000e-001  8.0000000e-002  3.0000000e-001
  4.4000000e-001  3.6000000e-001  1.6000000e-001
  1.0000000e-001  7.2000000e-001  1.8000000e-001
  0.0000000e+000  8.2000000e-001  1.6000000e-001
  1.0000000e+000  0.0000000e+000  0.0000000e+000
  4.0000000e-001  4.2000000e-001  1.8000000e-001
  3.8000000e-001  4.6000000e-001  1.4000000e-001
  3.0000000e-001  5.4000000e-001  1.6000000e-001
  0.0000000e+000  8.6000000e-001  1.4000000e-001
  2.0000000e-001  6.4000000e-001  1.6000000e-001
  3.8000000e-001  4.0000000e-001  2.2000000e-001
  0.0000000e+000  9.2000000e-001  8.0000000e-002
  0.0000000e+000  8.0000000e-001  4.0000000e-002
  0.0000000e+000  8.4000000e-001  1.4000000e-001
  0.0000000e+000  8.2000000e-001  1.6000000e-001
  0.0000000e+000  8.6000000e-001  1.0000000e-001
  0.0000000e+000  8.8000000e-001  1.2000000e-001
  0.0000000e+000  6.8000000e-001  3.2000000e-001
  0.0000000e+000  9.2000000e-001  8.0000000e-002
  6.4000000e-001  2.2000000e-001  1.4000000e-001
  3.0000000e-001  5.2000000e-001  1.8000000e-001
  0.0000000e+000  9.4000000e-001  6.0000000e-002
  2.0000000e-002  8.4000000e-001  1.4000000e-001
  0.0000000e+000  7.8000000e-001  1.4000000e-001
  1.6000000e-001  6.2000000e-001  2.2000000e-001
  0.0000000e+000  8.4000000e-001  1.2000000e-001
  4.8000000e-001  3.4000000e-001  1.8000000e-001
  2.0000000e-001  6.4000000e-001  1.6000000e-001
  6.0000000e-002  4.8000000e-001  4.6000000e-001
  3.6000000e-001  5.6000000e-001  8.0000000e-002
  0.0000000e+000  7.8000000e-001  1.6000000e-001
  4.0000000e-002  7.8000000e-001  1.8000000e-001
  0.0000000e+000  8.4000000e-001  1.6000000e-001
  4.6000000e-001  3.6000000e-001  1.8000000e-001
  0.0000000e+000  8.6000000e-001  1.2000000e-001
  5.2000000e-001  1.8000000e-001  3.0000000e-001
  0.0000000e+000  7.2000000e-001  2.8000000e-001
  0.0000000e+000  6.2000000e-001  3.6000000e-001
  0.0000000e+000  7.4000000e-001  2.6000000e-001
  4.0000000e-002  7.4000000e-001  1.4000000e-001
  6.2000000e-001  2.4000000e-001  1.2000000e-001
  0.0000000e+000  7.4000000e-001  2.6000000e-001
  0.0000000e+000  7.8000000e-001  4.0000000e-002
  0.0000000e+000  8.8000000e-001  1.2000000e-001
  8.8000000e-001  4.0000000e-002  8.0000000e-002
  1.2000000e-001  5.8000000e-001  3.0000000e-001
  0.0000000e+000  8.2000000e-001  1.8000000e-001
  1.8000000e-001  5.6000000e-001  2.4000000e-001
  0.0000000e+000  7.4000000e-001  2.6000000e-001
  1.6000000e-001  5.2000000e-001  3.2000000e-001
  5.8000000e-001  1.4000000e-001  2.4000000e-001
  0.0000000e+000  8.0000000e-001  1.2000000e-001
  1.4000000e-001  5.8000000e-001  2.8000000e-001
  0.0000000e+000  7.6000000e-001  2.4000000e-001
  8.8000000e-001  8.0000000e-002  4.0000000e-002
  8.0000000e-002  6.2000000e-001  2.6000000e-001
  2.2000000e-001  5.4000000e-001  2.4000000e-001
  0.0000000e+000  8.2000000e-001  1.6000000e-001
  0.0000000e+000  8.0000000e-001  1.6000000e-001
  0.0000000e+000  7.4000000e-001  2.6000000e-001
  8.8000000e-001  8.0000000e-002  4.0000000e-002
  1.4000000e-001  6.0000000e-001  2.6000000e-001
  6.0000000e-002  8.2000000e-001  1.2000000e-001
  9.8000000e-001  2.0000000e-002  0.0000000e+000
  4.4000000e-001  4.4000000e-001  1.2000000e-001
  5.6000000e-001  3.4000000e-001  1.0000000e-001
  3.4000000e-001  5.0000000e-001  1.6000000e-001
  0.0000000e+000  5.8000000e-001  3.4000000e-001
  4.0000000e-001  2.0000000e-001  3.8000000e-001
  2.0000000e-002  8.0000000e-001  8.0000000e-002
  0.0000000e+000  8.4000000e-001  1.6000000e-001
  0.0000000e+000  8.2000000e-001  1.8000000e-001
  7.6000000e-001  1.2000000e-001  1.0000000e-001
  2.0000000e-002  7.0000000e-001  2.8000000e-001
  0.0000000e+000  8.0000000e-001  2.0000000e-001
  1.2000000e-001  6.2000000e-001  2.6000000e-001
  0.0000000e+000  7.8000000e-001  1.6000000e-001
  2.0000000e-002  7.6000000e-001  2.2000000e-001
  4.0000000e-001  3.8000000e-001  1.8000000e-001
  2.0000000e-002  5.4000000e-001  4.4000000e-001
  4.0000000e-002  6.0000000e-001  3.4000000e-001
  2.0000000e-002  8.6000000e-001  8.0000000e-002
  4.8000000e-001  2.4000000e-001  2.8000000e-001
  9.6000000e-001  2.0000000e-002  2.0000000e-002
  0.0000000e+000  9.4000000e-001  4.0000000e-002
  2.0000000e-002  8.4000000e-001  1.4000000e-001
  0.0000000e+000  8.6000000e-001  1.4000000e-001
  0.0000000e+000  7.6000000e-001  2.4000000e-001
  7.4000000e-001  1.0000000e-001  1.6000000e-001
  2.0000000e-002  4.2000000e-001  5.6000000e-001
  0.0000000e+000  8.0000000e-001  8.0000000e-002
  4.0000000e-002  5.6000000e-001  4.0000000e-001
  0.0000000e+000  6.6000000e-001  3.4000000e-001
  0.0000000e+000  7.8000000e-001  2.2000000e-001
  4.0000000e-002  7.0000000e-001  2.6000000e-001
  1.0000000e+000  0.0000000e+000  0.0000000e+000
  8.0000000e-001  1.4000000e-001  6.0000000e-002
  2.0000000e-002  7.6000000e-001  1.8000000e-001
  0.0000000e+000  6.8000000e-001  3.2000000e-001
  0.0000000e+000  7.6000000e-001  2.4000000e-001
  0.0000000e+000  8.4000000e-001  1.6000000e-001
  0.0000000e+000  6.6000000e-001  3.4000000e-001
  9.2000000e-001  4.0000000e-002  4.0000000e-002
  2.0000000e-002  8.2000000e-001  1.6000000e-001
  8.6000000e-001  1.0000000e-001  4.0000000e-002
  0.0000000e+000  7.8000000e-001  2.2000000e-001
  0.0000000e+000  8.6000000e-001  1.4000000e-001
  3.6000000e-001  3.0000000e-001  3.4000000e-001
  7.2000000e-001  2.2000000e-001  6.0000000e-002
  2.0000000e-002  6.6000000e-001  3.2000000e-001
  0.0000000e+000  7.2000000e-001  2.8000000e-001
  0.0000000e+000  6.4000000e-001  3.6000000e-001
  2.0000000e-002  8.4000000e-001  2.0000000e-002
  2.0000000e-002  8.6000000e-001  1.0000000e-001
  0.0000000e+000  7.4000000e-001  2.6000000e-001
  1.0000000e-001  7.4000000e-001  1.6000000e-001
  0.0000000e+000  7.4000000e-001  2.6000000e-001
  0.0000000e+000  5.4000000e-001  4.6000000e-001
  2.2000000e-001  6.0000000e-001  1.8000000e-001
  0.0000000e+000  6.8000000e-001  3.2000000e-001
  0.0000000e+000  8.4000000e-001  1.6000000e-001
  8.4000000e-001  4.0000000e-002  1.2000000e-001
  0.0000000e+000  9.0000000e-001  1.0000000e-001
  4.0000000e-002  8.2000000e-001  1.4000000e-001
  6.0000000e-002  7.6000000e-001  1.8000000e-001
  2.0000000e-002  7.2000000e-001  2.2000000e-001
  0.0000000e+000  7.2000000e-001  2.6000000e-001
  0.0000000e+000  7.4000000e-001  2.6000000e-001
  1.6000000e-001  6.6000000e-001  1.6000000e-001
  2.0000000e-002  8.6000000e-001  1.2000000e-001
  0.0000000e+000  4.8000000e-001  5.2000000e-001
  0.0000000e+000  8.2000000e-001  1.6000000e-001
  0.0000000e+000  7.4000000e-001  2.4000000e-001
  1.2000000e-001  4.6000000e-001  4.2000000e-001
  0.0000000e+000  8.6000000e-001  1.4000000e-001
  0.0000000e+000  9.2000000e-001  8.0000000e-002
  1.4000000e-001  6.8000000e-001  1.6000000e-001
  4.0000000e-002  7.6000000e-001  2.0000000e-001
  0.0000000e+000  8.0000000e-001  2.0000000e-001
  0.0000000e+000  7.2000000e-001  2.8000000e-001
  2.0000000e-002  8.0000000e-001  1.8000000e-001
  0.0000000e+000  9.0000000e-001  4.0000000e-002
  0.0000000e+000  6.4000000e-001  3.6000000e-001
  3.2000000e-001  4.4000000e-001  2.4000000e-001
  7.8000000e-001  1.2000000e-001  1.0000000e-001
  2.0000000e-002  6.4000000e-001  3.4000000e-001
  0.0000000e+000  8.6000000e-001  8.0000000e-002
  1.0000000e-001  5.8000000e-001  3.2000000e-001
  0.0000000e+000  6.2000000e-001  3.8000000e-001
  0.0000000e+000  8.2000000e-001  6.0000000e-002
  0.0000000e+000  8.0000000e-001  2.0000000e-001
  0.0000000e+000  8.0000000e-001  2.0000000e-001
  6.2000000e-001  3.0000000e-001  6.0000000e-002
  3.8000000e-001  5.2000000e-001  4.0000000e-002
  8.0000000e-002  7.0000000e-001  2.2000000e-001
  0.0000000e+000  7.4000000e-001  2.6000000e-001
  9.4000000e-001  2.0000000e-002  4.0000000e-002
  0.0000000e+000  8.2000000e-001  1.8000000e-001
  4.2000000e-001  4.4000000e-001  1.4000000e-001
  2.0000000e-002  6.8000000e-001  3.0000000e-001
  8.0000000e-001  1.2000000e-001  8.0000000e-002
  0.0000000e+000  6.4000000e-001  3.6000000e-001
  2.0000000e-001  6.6000000e-001  1.4000000e-001
  4.0000000e-002  6.8000000e-001  2.8000000e-001
  2.2000000e-001  5.8000000e-001  1.8000000e-001
  2.2000000e-001  7.0000000e-001  8.0000000e-002
  0.0000000e+000  8.8000000e-001  1.2000000e-001
  9.6000000e-001  2.0000000e-002  2.0000000e-002
  0.0000000e+000  6.8000000e-001  3.2000000e-001
  0.0000000e+000  8.2000000e-001  8.0000000e-002
  0.0000000e+000  9.0000000e-001  1.0000000e-001
  1.4000000e-001  5.0000000e-001  3.4000000e-001
  0.0000000e+000  9.6000000e-001  2.0000000e-002
  6.0000000e-002  7.6000000e-001  1.6000000e-001
  0.0000000e+000  7.0000000e-001  3.0000000e-001
  0.0000000e+000  8.4000000e-001  1.6000000e-001
  0.0000000e+000  8.2000000e-001  1.8000000e-001
  5.0000000e-001  2.4000000e-001  2.2000000e-001
  8.0000000e-002  5.0000000e-001  4.2000000e-001
  2.4000000e-001  5.4000000e-001  2.2000000e-001
  6.0000000e-002  6.2000000e-001  3.2000000e-001
  6.0000000e-001  2.0000000e-001  2.0000000e-001
  0.0000000e+000  7.0000000e-001  3.0000000e-001
  2.0000000e-002  8.4000000e-001  6.0000000e-002
  1.6000000e-001  5.4000000e-001  3.0000000e-001
  0.0000000e+000  7.4000000e-001  2.6000000e-001
  0.0000000e+000  6.2000000e-001  3.8000000e-001
  0.0000000e+000  7.2000000e-001  2.8000000e-001
  2.0000000e-002  7.8000000e-001  1.6000000e-001
  5.8000000e-001  2.0000000e-001  1.6000000e-001
  2.0000000e-002  7.8000000e-001  1.8000000e-001
  0.0000000e+000  8.6000000e-001  1.4000000e-001
  0.0000000e+000  9.0000000e-001  8.0000000e-002
  7.4000000e-001  2.4000000e-001  2.0000000e-002
  6.0000000e-002  7.2000000e-001  2.2000000e-001
  2.2000000e-001  6.2000000e-001  1.4000000e-001
  0.0000000e+000  7.8000000e-001  2.0000000e-001
  2.0000000e-002  6.6000000e-001  3.2000000e-001
  8.6000000e-001  1.4000000e-001  0.0000000e+000
  5.6000000e-001  2.8000000e-001  1.6000000e-001
  2.0000000e-002  7.8000000e-001  1.6000000e-001
  1.2000000e-001  7.6000000e-001  1.2000000e-001
  0.0000000e+000  8.8000000e-001  1.2000000e-001
  0.0000000e+000  8.2000000e-001  1.6000000e-001
  3.4000000e-001  4.2000000e-001  2.4000000e-001
  8.0000000e-002  7.0000000e-001  2.2000000e-001
  0.0000000e+000  6.0000000e-001  4.0000000e-001
  0.0000000e+000  5.8000000e-001  4.2000000e-001
  0.0000000e+000  7.0000000e-001  3.0000000e-001
  0.0000000e+000  8.2000000e-001  1.8000000e-001
  0.0000000e+000  7.6000000e-001  2.4000000e-001
  0.0000000e+000  6.8000000e-001  3.2000000e-001
  3.0000000e-001  2.8000000e-001  4.2000000e-001
  2.0000000e-002  5.0000000e-001  4.6000000e-001
  0.0000000e+000  7.8000000e-001  2.2000000e-001
  0.0000000e+000  9.0000000e-001  8.0000000e-002
  7.0000000e-001  2.6000000e-001  2.0000000e-002
  4.0000000e-002  7.0000000e-001  2.6000000e-001
  0.0000000e+000  8.8000000e-001  8.0000000e-002
  0.0000000e+000  9.0000000e-001  1.0000000e-001
  1.2000000e-001  7.2000000e-001  1.6000000e-001
  4.0000000e-001  3.8000000e-001  2.0000000e-001
  2.0000000e-002  7.8000000e-001  2.0000000e-001
  0.0000000e+000  9.4000000e-001  4.0000000e-002
  0.0000000e+000  6.8000000e-001  3.2000000e-001
  3.4000000e-001  2.2000000e-001  4.2000000e-001
  0.0000000e+000  6.4000000e-001  3.4000000e-001
  2.0000000e-002  6.4000000e-001  3.4000000e-001
  8.0000000e-002  7.0000000e-001  2.2000000e-001
  6.0000000e-002  6.0000000e-001  3.4000000e-001
  0.0000000e+000  7.8000000e-001  2.2000000e-001
  0.0000000e+000  8.4000000e-001  1.0000000e-001
  1.0000000e-001  6.6000000e-001  2.0000000e-001
  2.0000000e-001  5.6000000e-001  2.4000000e-001
  0.0000000e+000  6.4000000e-001  3.6000000e-001
  9.0000000e-001  6.0000000e-002  4.0000000e-002
  0.0000000e+000  8.6000000e-001  1.4000000e-001
  8.2000000e-001  1.2000000e-001  6.0000000e-002
  0.0000000e+000  8.0000000e-001  1.4000000e-001
  4.0000000e-002  5.8000000e-001  3.8000000e-001
  0.0000000e+000  7.4000000e-001  2.6000000e-001
  3.8000000e-001  3.6000000e-001  2.0000000e-001
  0.0000000e+000  7.6000000e-001  2.4000000e-001
  2.0000000e-002  7.0000000e-001  2.8000000e-001
  0.0000000e+000  9.0000000e-001  8.0000000e-002
  2.0000000e-002  6.4000000e-001  3.2000000e-001
  6.4000000e-001  2.6000000e-001  1.0000000e-001
  6.2000000e-001  1.8000000e-001  2.0000000e-001
  0.0000000e+000  7.4000000e-001  2.6000000e-001
  3.0000000e-001  5.2000000e-001  1.8000000e-001
  1.6000000e-001  5.6000000e-001  2.6000000e-001
  3.6000000e-001  3.8000000e-001  2.4000000e-001
  0.0000000e+000  8.6000000e-001  8.0000000e-002
  6.8000000e-001  1.8000000e-001  1.4000000e-001
  0.0000000e+000  8.6000000e-001  1.4000000e-001
  5.2000000e-001  4.2000000e-001  6.0000000e-002
  1.0000000e-001  2.6000000e-001  6.2000000e-001
  1.4000000e-001  5.0000000e-001  3.2000000e-001
  2.8000000e-001  5.6000000e-001  1.6000000e-001
  3.4000000e-001  4.6000000e-001  2.0000000e-001
  7.8000000e-001  8.0000000e-002  1.4000000e-001
  6.2000000e-001  2.8000000e-001  6.0000000e-002
  1.4000000e-001  5.0000000e-001  3.6000000e-001
  6.0000000e-002  5.4000000e-001  3.8000000e-001
  9.2000000e-001  6.0000000e-002  2.0000000e-002
  9.0000000e-001  6.0000000e-002  4.0000000e-002
  3.6000000e-001  2.8000000e-001  3.6000000e-001
  0.0000000e+000  8.0000000e-001  2.0000000e-001
  5.6000000e-001  2.0000000e-001  2.0000000e-001
  3.2000000e-001  2.8000000e-001  4.0000000e-001
  0.0000000e+000  8.0000000e-001  1.8000000e-001
  6.0000000e-002  4.8000000e-001  4.6000000e-001
  0.0000000e+000  7.8000000e-001  2.2000000e-001
  5.8000000e-001  3.4000000e-001  8.0000000e-002
  1.6000000e-001  5.0000000e-001  3.4000000e-001
  8.8000000e-001  6.0000000e-002  6.0000000e-002
  2.4000000e-001  5.2000000e-001  2.2000000e-001
  0.0000000e+000  7.4000000e-001  2.6000000e-001
  1.0000000e-001  5.6000000e-001  3.0000000e-001
  1.4000000e-001  5.6000000e-001  3.0000000e-001
  8.0000000e-002  8.0000000e-001  1.2000000e-001
  1.2000000e-001  7.4000000e-001  1.4000000e-001
  0.0000000e+000  7.2000000e-001  2.6000000e-001
  4.0000000e-002  5.0000000e-001  4.4000000e-001
  2.6000000e-001  5.4000000e-001  2.0000000e-001
  3.4000000e-001  5.2000000e-001  1.2000000e-001
  0.0000000e+000  7.4000000e-001  2.4000000e-001
  0.0000000e+000  8.2000000e-001  1.0000000e-001
  1.6000000e-001  5.0000000e-001  3.4000000e-001
  0.0000000e+000  7.8000000e-001  2.2000000e-001
  0.0000000e+000  6.6000000e-001  3.4000000e-001
  6.0000000e-001  2.8000000e-001  1.2000000e-001
  1.6000000e-001  5.0000000e-001  3.4000000e-001
  6.0000000e-002  6.0000000e-001  3.2000000e-001
  2.0000000e-002  9.0000000e-001  8.0000000e-002
  0.0000000e+000  8.0000000e-001  2.0000000e-001
  0.0000000e+000  7.2000000e-001  2.8000000e-001
  0.0000000e+000  7.4000000e-001  2.4000000e-001
  3.8000000e-001  5.0000000e-001  1.2000000e-001
  0.0000000e+000  7.8000000e-001  2.2000000e-001
  1.0000000e-001  4.6000000e-001  4.2000000e-001
  3.0000000e-001  5.8000000e-001  1.0000000e-001
  0.0000000e+000  8.4000000e-001  1.6000000e-001
  0.0000000e+000  7.8000000e-001  1.8000000e-001
  4.0000000e-002  8.0000000e-001  8.0000000e-002
  0.0000000e+000  6.8000000e-001  3.2000000e-001
  2.8000000e-001  5.0000000e-001  2.2000000e-001
  8.0000000e-002  6.6000000e-001  2.6000000e-001
  0.0000000e+000  7.8000000e-001  2.0000000e-001
  1.4000000e-001  6.4000000e-001  2.2000000e-001
  0.0000000e+000  9.2000000e-001  6.0000000e-002
  0.0000000e+000  8.0000000e-001  1.8000000e-001
  3.8000000e-001  3.2000000e-001  2.8000000e-001
  0.0000000e+000  6.6000000e-001  3.4000000e-001
  3.8000000e-001  3.8000000e-001  2.4000000e-001
  1.8000000e-001  5.8000000e-001  2.4000000e-001
  0.0000000e+000  8.8000000e-001  1.0000000e-001
  5.6000000e-001  3.2000000e-001  1.0000000e-001
  0.0000000e+000  9.0000000e-001  6.0000000e-002
  1.2000000e-001  6.4000000e-001  2.4000000e-001
  0.0000000e+000  7.2000000e-001  2.8000000e-001
  4.2000000e-001  4.2000000e-001  1.6000000e-001
  6.0000000e-001  1.8000000e-001  2.2000000e-001
  2.6000000e-001  5.4000000e-001  2.0000000e-001
  1.8000000e-001  5.2000000e-001  3.0000000e-001
  4.0000000e-002  7.4000000e-001  2.0000000e-001
  0.0000000e+000  7.4000000e-001  2.6000000e-001
  2.0000000e-002  6.6000000e-001  3.0000000e-001
  8.0000000e-002  7.8000000e-001  1.4000000e-001
  0.0000000e+000  8.6000000e-001  1.2000000e-001
  2.0000000e-002  8.2000000e-001  1.4000000e-001
  0.0000000e+000  8.6000000e-001  1.0000000e-001
  2.0000000e-002  9.2000000e-001  6.0000000e-002
  0.0000000e+000  8.0000000e-001  1.8000000e-001
  0.0000000e+000  7.0000000e-001  2.8000000e-001
  8.0000000e-002  5.0000000e-001  3.8000000e-001
  0.0000000e+000  4.6000000e-001  5.4000000e-001
  9.8000000e-001  0.0000000e+000  2.0000000e-002
  3.6000000e-001  3.6000000e-001  2.6000000e-001
  0.0000000e+000  8.0000000e-001  1.6000000e-001
  0.0000000e+000  7.0000000e-001  3.0000000e-001
  0.0000000e+000  8.0000000e-001  2.0000000e-001
  0.0000000e+000  7.8000000e-001  2.2000000e-001
  2.0000000e-002  7.6000000e-001  2.0000000e-001
  0.0000000e+000  7.8000000e-001  2.2000000e-001
  0.0000000e+000  7.4000000e-001  2.6000000e-001
  0.0000000e+000  9.0000000e-001  1.0000000e-001
  4.4000000e-001  3.6000000e-001  2.0000000e-001
  3.2000000e-001  5.2000000e-001  1.4000000e-001
  4.2000000e-001  4.6000000e-001  1.2000000e-001
  0.0000000e+000  7.8000000e-001  1.6000000e-001
  0.0000000e+000  8.4000000e-001  1.6000000e-001
  1.0000000e-001  7.4000000e-001  1.6000000e-001
  2.4000000e-001  4.2000000e-001  3.2000000e-001
  7.8000000e-001  1.4000000e-001  8.0000000e-002
  0.0000000e+000  8.8000000e-001  1.2000000e-001
  2.6000000e-001  5.2000000e-001  2.2000000e-001
  1.2000000e-001  6.6000000e-001  1.8000000e-001
  4.2000000e-001  3.4000000e-001  2.4000000e-001
  7.4000000e-001  1.2000000e-001  1.4000000e-001
  1.0000000e-001  6.0000000e-001  3.0000000e-001
  0.0000000e+000  6.8000000e-001  3.2000000e-001
  3.6000000e-001  4.6000000e-001  1.6000000e-001
  1.2000000e-001  6.6000000e-001  2.2000000e-001
  7.2000000e-001  2.0000000e-001  8.0000000e-002
  4.4000000e-001  3.4000000e-001  2.2000000e-001
  3.0000000e-001  3.6000000e-001  3.0000000e-001
  0.0000000e+000  4.4000000e-001  5.2000000e-001
  0.0000000e+000  6.6000000e-001  3.4000000e-001
  4.0000000e-001  4.6000000e-001  1.2000000e-001
  0.0000000e+000  7.8000000e-001  2.2000000e-001
  0.0000000e+000  7.8000000e-001  2.2000000e-001
  4.0000000e-002  7.0000000e-001  2.6000000e-001
  0.0000000e+000  8.8000000e-001  1.0000000e-001
  2.8000000e-001  5.2000000e-001  2.0000000e-001
  2.0000000e-002  8.0000000e-001  1.6000000e-001
  1.6000000e-001  5.2000000e-001  3.2000000e-001
  0.0000000e+000  8.4000000e-001  1.6000000e-001
  9.8000000e-001  2.0000000e-002  0.0000000e+000
  3.2000000e-001  4.0000000e-001  2.8000000e-001
  0.0000000e+000  9.4000000e-001  6.0000000e-002
  3.8000000e-001  3.0000000e-001  3.2000000e-001
  0.0000000e+000  8.4000000e-001  1.6000000e-001
  0.0000000e+000  8.6000000e-001  1.2000000e-001
  0.0000000e+000  8.4000000e-001  1.6000000e-001
  0.0000000e+000  8.4000000e-001  1.6000000e-001
  0.0000000e+000  8.6000000e-001  8.0000000e-002
  2.6000000e-001  4.4000000e-001  3.0000000e-001
  0.0000000e+000  7.8000000e-001  2.2000000e-001
  0.0000000e+000  7.0000000e-001  2.8000000e-001
  3.4000000e-001  3.8000000e-001  2.8000000e-001
  1.2000000e-001  5.8000000e-001  3.0000000e-001
  1.0000000e-001  7.8000000e-001  1.0000000e-001
  2.0000000e-002  9.2000000e-001  6.0000000e-002
  6.0000000e-002  7.8000000e-001  1.4000000e-001
  7.4000000e-001  8.0000000e-002  1.8000000e-001
  0.0000000e+000  6.6000000e-001  3.4000000e-001
  0.0000000e+000  7.6000000e-001  2.4000000e-001
  0.0000000e+000  8.8000000e-001  1.2000000e-001
  0.0000000e+000  6.8000000e-001  2.6000000e-001
  2.6000000e-001  5.2000000e-001  2.0000000e-001
  2.0000000e-002  7.4000000e-001  1.4000000e-001
  2.0000000e-001  4.8000000e-001  3.2000000e-001
  0.0000000e+000  8.2000000e-001  1.8000000e-001
  7.6000000e-001  1.0000000e-001  1.4000000e-001
  8.2000000e-001  1.4000000e-001  4.0000000e-002
  9.2000000e-001  2.0000000e-002  6.0000000e-002
  0.0000000e+000  7.4000000e-001  2.4000000e-001
  0.0000000e+000  8.4000000e-001  1.2000000e-001
  0.0000000e+000  8.0000000e-001  2.0000000e-001
  0.0000000e+000  7.2000000e-001  2.8000000e-001
  6.2000000e-001  1.8000000e-001  2.0000000e-001
  3.4000000e-001  5.2000000e-001  1.4000000e-001
  0.0000000e+000  7.6000000e-001  2.4000000e-001
  0.0000000e+000  9.2000000e-001  8.0000000e-002
  0.0000000e+000  8.0000000e-001  2.0000000e-001
  7.2000000e-001  8.0000000e-002  2.0000000e-001
  3.4000000e-001  4.2000000e-001  2.2000000e-001
  2.6000000e-001  3.2000000e-001  4.2000000e-001
  0.0000000e+000  8.6000000e-001  1.2000000e-001
  8.2000000e-001  1.4000000e-001  4.0000000e-002
  0.0000000e+000  8.0000000e-001  2.0000000e-001
  0.0000000e+000  8.8000000e-001  1.2000000e-001
  7.0000000e-001  2.4000000e-001  6.0000000e-002
  0.0000000e+000  8.0000000e-001  2.0000000e-001
  7.0000000e-001  1.8000000e-001  1.2000000e-001
  4.0000000e-002  7.6000000e-001  1.8000000e-001
  4.8000000e-001  2.8000000e-001  2.4000000e-001
  0.0000000e+000  5.8000000e-001  4.2000000e-001
  1.4000000e-001  7.4000000e-001  1.0000000e-001
  0.0000000e+000  8.6000000e-001  1.4000000e-001
  2.0000000e-002  8.2000000e-001  1.6000000e-001
  2.0000000e-001  4.2000000e-001  3.8000000e-001
  8.0000000e-002  6.8000000e-001  2.0000000e-001
  4.8000000e-001  1.6000000e-001  3.6000000e-001
  0.0000000e+000  8.0000000e-001  2.0000000e-001
  4.0000000e-001  3.8000000e-001  2.2000000e-001
  0.0000000e+000  8.8000000e-001  1.2000000e-001
  1.0000000e-001  6.0000000e-001  2.8000000e-001
  0.0000000e+000  7.4000000e-001  2.6000000e-001
  3.4000000e-001  3.4000000e-001  3.0000000e-001
  0.0000000e+000  7.6000000e-001  2.2000000e-001
  2.0000000e-002  9.2000000e-001  4.0000000e-002
  2.0000000e-002  6.8000000e-001  3.0000000e-001
  0.0000000e+000  7.6000000e-001  2.4000000e-001
  6.0000000e-001  2.2000000e-001  1.8000000e-001
  4.6000000e-001  3.6000000e-001  1.6000000e-001
  6.0000000e-002  6.8000000e-001  2.6000000e-001
  8.0000000e-002  7.8000000e-001  1.4000000e-001
  5.4000000e-001  2.6000000e-001  2.0000000e-001
  7.8000000e-001  1.0000000e-001  1.2000000e-001
  0.0000000e+000  8.4000000e-001  1.2000000e-001
  0.0000000e+000  8.4000000e-001  1.4000000e-001
  0.0000000e+000  8.0000000e-001  2.0000000e-001
  0.0000000e+000  8.2000000e-001  1.8000000e-001
  2.0000000e-002  7.8000000e-001  2.0000000e-001
  8.0000000e-002  8.2000000e-001  8.0000000e-002
  2.2000000e-001  5.8000000e-001  1.8000000e-001
  8.2000000e-001  1.4000000e-001  4.0000000e-002
  9.0000000e-001  6.0000000e-002  4.0000000e-002
  0.0000000e+000  9.0000000e-001  1.0000000e-001
  1.2000000e-001  7.0000000e-001  1.4000000e-001
  7.4000000e-001  2.2000000e-001  4.0000000e-002
  2.0000000e-002  7.8000000e-001  2.0000000e-001
  4.2000000e-001  4.2000000e-001  8.0000000e-002
  2.0000000e-002  5.0000000e-001  4.8000000e-001
  2.0000000e-002  7.8000000e-001  2.0000000e-001
  1.8000000e-001  5.8000000e-001  2.4000000e-001
  3.6000000e-001  4.4000000e-001  2.0000000e-001
  2.0000000e-001  5.6000000e-001  2.4000000e-001
  0.0000000e+000  8.2000000e-001  1.8000000e-001
  0.0000000e+000  7.4000000e-001  2.6000000e-001
  3.2000000e-001  5.4000000e-001  1.0000000e-001
  0.0000000e+000  6.0000000e-001  4.0000000e-001
  1.6000000e-001  5.6000000e-001  2.6000000e-001
  1.6000000e-001  6.8000000e-001  1.6000000e-001
  0.0000000e+000  8.2000000e-001  1.8000000e-001
  0.0000000e+000  7.8000000e-001  2.2000000e-001
  2.0000000e-002  7.4000000e-001  2.4000000e-001
  0.0000000e+000  7.0000000e-001  3.0000000e-001
  7.0000000e-001  2.2000000e-001  8.0000000e-002
  2.0000000e-002  7.4000000e-001  2.2000000e-001
  2.2000000e-001  6.0000000e-001  1.8000000e-001
  4.4000000e-001  2.8000000e-001  2.8000000e-001
  0.0000000e+000  8.0000000e-001  2.0000000e-001
  0.0000000e+000  8.4000000e-001  6.0000000e-002
  6.8000000e-001  2.2000000e-001  1.0000000e-001
  3.4000000e-001  5.6000000e-001  1.0000000e-001
  2.0000000e-002  6.4000000e-001  3.4000000e-001
  0.0000000e+000  6.2000000e-001  3.6000000e-001
  4.0000000e-002  8.0000000e-001  1.6000000e-001
  4.0000000e-002  4.8000000e-001  4.8000000e-001
  1.0000000e-001  5.4000000e-001  3.4000000e-001
  1.6000000e-001  7.4000000e-001  1.0000000e-001
  0.0000000e+000  7.8000000e-001  1.8000000e-001
  0.0000000e+000  8.4000000e-001  1.4000000e-001
  1.2000000e-001  4.8000000e-001  4.0000000e-001
  8.0000000e-002  7.0000000e-001  2.2000000e-001
  4.2000000e-001  3.6000000e-001  2.2000000e-001
  0.0000000e+000  8.4000000e-001  1.4000000e-001
  4.0000000e-002  6.6000000e-001  3.0000000e-001
  5.4000000e-001  2.2000000e-001  2.4000000e-001
  0.0000000e+000  8.6000000e-001  1.2000000e-001
  2.4000000e-001  4.6000000e-001  3.0000000e-001
  0.0000000e+000  6.6000000e-001  3.4000000e-001
  0.0000000e+000  8.2000000e-001  1.8000000e-001
  8.6000000e-001  4.0000000e-002  1.0000000e-001
  0.0000000e+000  6.8000000e-001  3.0000000e-001
  4.8000000e-001  4.2000000e-001  8.0000000e-002
  8.0000000e-002  5.0000000e-001  4.2000000e-001
  7.2000000e-001  2.4000000e-001  4.0000000e-002
  2.0000000e-002  8.8000000e-001  8.0000000e-002
  0.0000000e+000  9.4000000e-001  6.0000000e-002
  2.0000000e-002  8.4000000e-001  1.4000000e-001
  4.0000000e-002  8.0000000e-001  1.4000000e-001
  5.0000000e-001  3.8000000e-001  1.0000000e-001
  4.0000000e-002  7.2000000e-001  1.8000000e-001
  0.0000000e+000  8.0000000e-001  2.0000000e-001
  0.0000000e+000  7.8000000e-001  2.2000000e-001
  4.0000000e-001  3.0000000e-001  3.0000000e-001
  7.8000000e-001  6.0000000e-002  1.6000000e-001
  0.0000000e+000  8.4000000e-001  1.6000000e-001
  2.8000000e-001  5.4000000e-001  1.6000000e-001
  0.0000000e+000  8.2000000e-001  1.6000000e-001
  3.8000000e-001  3.4000000e-001  2.4000000e-001
  4.0000000e-002  7.6000000e-001  1.8000000e-001
  1.0000000e-001  5.8000000e-001  3.2000000e-001
  0.0000000e+000  6.0000000e-001  4.0000000e-001
  5.0000000e-001  3.4000000e-001  1.4000000e-001
  3.4000000e-001  3.4000000e-001  3.0000000e-001
  0.0000000e+000  6.4000000e-001  3.6000000e-001
  1.2000000e-001  6.4000000e-001  2.4000000e-001
  8.8000000e-001  4.0000000e-002  8.0000000e-002
  8.0000000e-002  7.8000000e-001  1.2000000e-001
  7.8000000e-001  1.2000000e-001  1.0000000e-001
  6.2000000e-001  2.4000000e-001  1.2000000e-001
  2.0000000e-002  7.8000000e-001  2.0000000e-001
  0.0000000e+000  9.0000000e-001  4.0000000e-002
  0.0000000e+000  7.4000000e-001  2.4000000e-001
  0.0000000e+000  7.6000000e-001  4.0000000e-002
  1.2000000e-001  6.6000000e-001  2.2000000e-001
  4.4000000e-001  4.0000000e-001  1.4000000e-001
  1.2000000e-001  4.6000000e-001  4.2000000e-001
  0.0000000e+000  9.2000000e-001  8.0000000e-002
  0.0000000e+000  6.6000000e-001  3.4000000e-001
  0.0000000e+000  8.6000000e-001  1.4000000e-001
  1.2000000e-001  7.6000000e-001  1.2000000e-001
  1.2000000e-001  3.6000000e-001  5.2000000e-001
  0.0000000e+000  6.8000000e-001  3.2000000e-001
  0.0000000e+000  5.4000000e-001  4.6000000e-001
  0.0000000e+000  7.8000000e-001  2.2000000e-001
  1.0000000e-001  6.4000000e-001  2.4000000e-001
  2.0000000e-001  6.4000000e-001  1.0000000e-001
  0.0000000e+000  7.2000000e-001  2.8000000e-001
  4.8000000e-001  3.6000000e-001  1.6000000e-001
  0.0000000e+000  8.2000000e-001  1.8000000e-001
  3.2000000e-001  4.6000000e-001  2.2000000e-001
  6.2000000e-001  2.6000000e-001  1.0000000e-001
  0.0000000e+000  7.8000000e-001  1.6000000e-001
  2.0000000e-002  6.6000000e-001  3.0000000e-001
  0.0000000e+000  9.2000000e-001  8.0000000e-002
  3.2000000e-001  4.6000000e-001  2.2000000e-001
  0.0000000e+000  6.6000000e-001  3.4000000e-001
  0.0000000e+000  8.0000000e-001  2.0000000e-001
  0.0000000e+000  7.2000000e-001  2.8000000e-001
  6.2000000e-001  1.6000000e-001  2.2000000e-001
  6.0000000e-002  6.6000000e-001  2.0000000e-001
  9.4000000e-001  2.0000000e-002  4.0000000e-002
  3.8000000e-001  3.2000000e-001  3.0000000e-001
  0.0000000e+000  6.6000000e-001  3.4000000e-001
  0.0000000e+000  8.0000000e-001  1.4000000e-001
  3.4000000e-001  2.8000000e-001  3.6000000e-001
  1.2000000e-001  6.2000000e-001  2.6000000e-001
  0.0000000e+000  7.2000000e-001  2.8000000e-001
  5.8000000e-001  1.4000000e-001  2.8000000e-001
  0.0000000e+000  8.4000000e-001  1.6000000e-001
  5.4000000e-001  2.6000000e-001  1.4000000e-001
  8.8000000e-001  1.0000000e-001  2.0000000e-002
  3.6000000e-001  4.8000000e-001  1.4000000e-001
  9.0000000e-001  6.0000000e-002  4.0000000e-002
  0.0000000e+000  8.8000000e-001  1.2000000e-001
  0.0000000e+000  7.2000000e-001  2.6000000e-001
  5.6000000e-001  2.4000000e-001  2.0000000e-001
  2.0000000e-002  7.8000000e-001  2.0000000e-001
  0.0000000e+000  9.2000000e-001  6.0000000e-002
  0.0000000e+000  8.4000000e-001  1.4000000e-001
  5.2000000e-001  3.0000000e-001  1.4000000e-001
  0.0000000e+000  8.6000000e-001  1.2000000e-001
  9.4000000e-001  2.0000000e-002  4.0000000e-002
  0.0000000e+000  6.2000000e-001  3.8000000e-001
  2.2000000e-001  6.0000000e-001  1.8000000e-001
  0.0000000e+000  7.4000000e-001  2.4000000e-001
  2.0000000e-002  6.4000000e-001  3.4000000e-001
  4.0000000e-002  5.4000000e-001  4.2000000e-001
  1.4000000e-001  4.4000000e-001  4.2000000e-001
  4.8000000e-001  3.0000000e-001  2.2000000e-001
  2.4000000e-001  4.0000000e-001  3.2000000e-001
  2.8000000e-001  3.6000000e-001  3.6000000e-001
  0.0000000e+000  8.6000000e-001  1.4000000e-001
  0.0000000e+000  8.4000000e-001  1.6000000e-001
  7.6000000e-001  1.8000000e-001  6.0000000e-002
  4.0000000e-002  6.6000000e-001  3.0000000e-001
  0.0000000e+000  7.6000000e-001  2.4000000e-001
  0.0000000e+000  5.4000000e-001  4.4000000e-001
  0.0000000e+000  8.8000000e-001  1.2000000e-001
  6.8000000e-001  1.4000000e-001  1.8000000e-001
  8.4000000e-001  1.2000000e-001  4.0000000e-002
  0.0000000e+000  9.0000000e-001  6.0000000e-002
  2.0000000e-001  5.6000000e-001  2.4000000e-001
  2.0000000e-001  6.0000000e-001  2.0000000e-001
  0.0000000e+000  7.6000000e-001  2.4000000e-001
  3.0000000e-001  3.8000000e-001  3.0000000e-001
  4.0000000e-002  5.2000000e-001  4.2000000e-001
  0.0000000e+000  8.0000000e-001  2.0000000e-001
  0.0000000e+000  6.6000000e-001  3.4000000e-001
  1.8000000e-001  6.4000000e-001  1.8000000e-001
  2.0000000e-002  5.8000000e-001  4.0000000e-001
  0.0000000e+000  8.0000000e-001  2.0000000e-001
  6.8000000e-001  1.8000000e-001  1.0000000e-001
  0.0000000e+000  7.4000000e-001  1.8000000e-001
  3.8000000e-001  3.2000000e-001  3.0000000e-001
  5.4000000e-001  3.0000000e-001  1.0000000e-001
  0.0000000e+000  7.4000000e-001  2.6000000e-001
  1.6000000e-001  5.0000000e-001  3.4000000e-001
  1.0000000e+000  0.0000000e+000  0.0000000e+000
  2.0000000e-002  8.4000000e-001  1.4000000e-001
  6.0000000e-002  5.4000000e-001  3.6000000e-001
  0.0000000e+000  8.6000000e-001  2.0000000e-002
  0.0000000e+000  7.0000000e-001  2.8000000e-001
  9.6000000e-001  2.0000000e-002  2.0000000e-002
  6.0000000e-002  6.8000000e-001  2.6000000e-001
  2.0000000e-002  7.4000000e-001  2.4000000e-001
  0.0000000e+000  8.2000000e-001  1.6000000e-001
  2.0000000e-002  7.8000000e-001  2.0000000e-001
  0.0000000e+000  8.0000000e-001  2.0000000e-001
  2.0000000e-002  7.4000000e-001  2.4000000e-001
  1.0000000e+000  0.0000000e+000  0.0000000e+000
  4.0000000e-002  4.6000000e-001  5.0000000e-001
  0.0000000e+000  7.8000000e-001  2.2000000e-001
  4.0000000e-002  5.6000000e-001  3.8000000e-001
  0.0000000e+000  7.8000000e-001  2.0000000e-001
  2.0000000e-002  7.4000000e-001  2.4000000e-001
  3.6000000e-001  5.4000000e-001  8.0000000e-002
  2.0000000e-002  8.6000000e-001  8.0000000e-002
  2.2000000e-001  4.4000000e-001  3.4000000e-001
  0.0000000e+000  8.0000000e-001  1.6000000e-001
  2.6000000e-001  4.6000000e-001  2.6000000e-001
  0.0000000e+000  5.8000000e-001  4.2000000e-001
  0.0000000e+000  5.6000000e-001  4.4000000e-001
  2.0000000e-002  8.6000000e-001  1.0000000e-001
  6.6000000e-001  2.8000000e-001  6.0000000e-002
  7.4000000e-001  1.4000000e-001  1.2000000e-001
  0.0000000e+000  9.2000000e-001  8.0000000e-002
  0.0000000e+000  7.2000000e-001  2.8000000e-001
  4.0000000e-002  5.8000000e-001  3.8000000e-001
  0.0000000e+000  7.8000000e-001  2.2000000e-001
  1.0000000e-001  6.6000000e-001  2.2000000e-001
  7.2000000e-001  2.4000000e-001  4.0000000e-002
  0.0000000e+000  8.4000000e-001  1.6000000e-001
  2.0000000e-002  7.6000000e-001  2.2000000e-001
  4.0000000e-002  6.0000000e-001  3.6000000e-001
  2.0000000e-002  6.6000000e-001  3.2000000e-001
  0.0000000e+000  8.4000000e-001  1.6000000e-001
  5.8000000e-001  3.2000000e-001  1.0000000e-001
  2.8000000e-001  4.6000000e-001  2.4000000e-001
  1.6000000e-001  6.0000000e-001  2.2000000e-001
  1.8000000e-001  5.2000000e-001  2.8000000e-001
  0.0000000e+000  8.0000000e-001  1.8000000e-001
  2.0000000e-002  6.8000000e-001  3.0000000e-001
  1.4000000e-001  5.0000000e-001  3.6000000e-001
  0.0000000e+000  6.6000000e-001  3.4000000e-001
  0.0000000e+000  6.6000000e-001  3.2000000e-001
  8.0000000e-001  6.0000000e-002  1.0000000e-001
  2.8000000e-001  4.4000000e-001  2.8000000e-001
  1.0000000e-001  7.6000000e-001  1.4000000e-001
  9.8000000e-001  2.0000000e-002  0.0000000e+000
  0.0000000e+000  6.6000000e-001  3.2000000e-001
  9.8000000e-001  2.0000000e-002  0.0000000e+000
  2.2000000e-001  4.2000000e-001  3.6000000e-001
  6.6000000e-001  2.2000000e-001  1.0000000e-001
  2.0000000e-002  7.8000000e-001  2.0000000e-001
  0.0000000e+000  7.8000000e-001  2.2000000e-001
  0.0000000e+000  8.8000000e-001  1.2000000e-001
  2.4000000e-001  5.6000000e-001  2.0000000e-001
  2.0000000e-002  7.6000000e-001  2.2000000e-001
  1.0000000e+000  0.0000000e+000  0.0000000e+000
  0.0000000e+000  7.4000000e-001  2.6000000e-001
  2.0000000e-001  5.4000000e-001  2.4000000e-001
  0.0000000e+000  7.8000000e-001  2.2000000e-001
  4.8000000e-001  2.4000000e-001  2.8000000e-001
  0.0000000e+000  7.2000000e-001  2.8000000e-001
  5.6000000e-001  2.2000000e-001  2.0000000e-001
  0.0000000e+000  7.6000000e-001  2.4000000e-001
  2.0000000e-002  6.2000000e-001  3.6000000e-001
  2.8000000e-001  4.4000000e-001  2.8000000e-001
  2.0000000e-002  7.6000000e-001  2.2000000e-001
  4.0000000e-001  4.4000000e-001  1.6000000e-001
  4.8000000e-001  3.8000000e-001  1.4000000e-001
  1.0000000e-001  5.6000000e-001  3.4000000e-001
  0.0000000e+000  7.8000000e-001  1.8000000e-001
  2.0000000e-002  7.8000000e-001  2.0000000e-001
  4.4000000e-001  4.2000000e-001  1.0000000e-001
  1.8000000e-001  6.2000000e-001  2.0000000e-001
  0.0000000e+000  6.8000000e-001  3.0000000e-001
  5.0000000e-001  3.0000000e-001  2.0000000e-001
  6.2000000e-001  2.2000000e-001  1.4000000e-001
  2.0000000e-002  6.8000000e-001  3.0000000e-001
  0.0000000e+000  8.0000000e-001  2.0000000e-001
  2.0000000e-002  5.2000000e-001  4.4000000e-001
  0.0000000e+000  7.4000000e-001  2.6000000e-001
  0.0000000e+000  8.0000000e-001  1.8000000e-001
  5.6000000e-001  3.0000000e-001  1.4000000e-001
  0.0000000e+000  9.0000000e-001  8.0000000e-002
  0.0000000e+000  9.2000000e-001  6.0000000e-002
  1.6000000e-001  3.8000000e-001  4.4000000e-001
  9.2000000e-001  6.0000000e-002  2.0000000e-002
  2.0000000e-002  7.4000000e-001  2.4000000e-001
  2.0000000e-002  8.8000000e-001  1.0000000e-001
  2.2000000e-001  4.2000000e-001  3.4000000e-001
  0.0000000e+000  7.8000000e-001  2.2000000e-001
  7.0000000e-001  2.6000000e-001  4.0000000e-002
  4.0000000e-002  6.2000000e-001  3.2000000e-001
  2.6000000e-001  3.8000000e-001  3.4000000e-001
  8.0000000e-002  6.8000000e-001  2.2000000e-001
  0.0000000e+000  8.4000000e-001  1.0000000e-001
  0.0000000e+000  8.6000000e-001  1.2000000e-001
  9.2000000e-001  8.0000000e-002  0.0000000e+000
  0.0000000e+000  7.4000000e-001  2.6000000e-001
  2.0000000e-002  7.4000000e-001  2.2000000e-001
  4.0000000e-002  7.6000000e-001  1.8000000e-001
  0.0000000e+000  7.6000000e-001  2.4000000e-001
  4.2000000e-001  3.2000000e-001  2.2000000e-001
  0.0000000e+000  8.8000000e-001  1.0000000e-001
  0.0000000e+000  8.2000000e-001  1.8000000e-001
  0.0000000e+000  8.8000000e-001  1.2000000e-001
  0.0000000e+000  6.6000000e-001  3.4000000e-001
  4.2000000e-001  3.6000000e-001  2.2000000e-001
  8.4000000e-001  2.0000000e-002  1.4000000e-001
  3.8000000e-001  2.6000000e-001  3.2000000e-001
  2.6000000e-001  5.0000000e-001  2.2000000e-001
  1.8000000e-001  5.8000000e-001  2.2000000e-001
  7.2000000e-001  1.4000000e-001  1.4000000e-001
  4.0000000e-002  7.4000000e-001  1.6000000e-001
  2.0000000e-002  6.2000000e-001  3.4000000e-001
  0.0000000e+000  9.0000000e-001  1.0000000e-001
  2.4000000e-001  5.6000000e-001  1.4000000e-001
  0.0000000e+000  8.0000000e-001  2.0000000e-001
  1.4000000e-001  6.6000000e-001  1.6000000e-001
  1.2000000e-001  5.4000000e-001  3.4000000e-001
  2.4000000e-001  6.2000000e-001  1.4000000e-001
  8.6000000e-001  6.0000000e-002  8.0000000e-002
  6.0000000e-002  7.8000000e-001  1.2000000e-001
  2.4000000e-001  5.2000000e-001  2.4000000e-001
  4.8000000e-001  2.8000000e-001  2.4000000e-001
  0.0000000e+000  7.6000000e-001  2.0000000e-001
  0.0000000e+000  8.0000000e-001  2.0000000e-001
  0.0000000e+000  6.6000000e-001  3.4000000e-001
  1.4000000e-001  6.6000000e-001  1.8000000e-001
  0.0000000e+000  8.0000000e-001  1.8000000e-001
  2.6000000e-001  4.4000000e-001  2.6000000e-001
  1.6000000e-001  6.2000000e-001  2.2000000e-001
  0.0000000e+000  7.8000000e-001  2.0000000e-001
  0.0000000e+000  7.6000000e-001  2.4000000e-001
  1.8000000e-001  5.8000000e-001  2.2000000e-001
  0.0000000e+000  8.0000000e-001  2.0000000e-001
  4.0000000e-002  6.6000000e-001  2.8000000e-001
  2.0000000e-002  6.8000000e-001  3.0000000e-001
  3.4000000e-001  3.8000000e-001  1.8000000e-001
  0.0000000e+000  6.8000000e-001  3.2000000e-001
  1.6000000e-001  4.8000000e-001  3.6000000e-001
  8.0000000e-002  6.6000000e-001  2.6000000e-001
  2.2000000e-001  4.2000000e-001  3.6000000e-001
  2.0000000e-002  5.0000000e-001  4.8000000e-001
  6.0000000e-002  6.0000000e-001  3.4000000e-001
  8.4000000e-001  6.0000000e-002  1.0000000e-001
  0.0000000e+000  7.6000000e-001  2.4000000e-001
  0.0000000e+000  9.2000000e-001  8.0000000e-002
  2.0000000e-002  8.0000000e-001  1.6000000e-001
  0.0000000e+000  8.2000000e-001  1.8000000e-001
  0.0000000e+000  8.0000000e-001  1.8000000e-001
  7.2000000e-001  1.6000000e-001  8.0000000e-002
  0.0000000e+000  7.0000000e-001  3.0000000e-001
  4.0000000e-002  8.0000000e-001  1.4000000e-001
  0.0000000e+000  7.0000000e-001  3.0000000e-001
  5.8000000e-001  2.6000000e-001  1.4000000e-001
  2.0000000e-002  8.0000000e-001  1.0000000e-001
  1.4000000e-001  5.6000000e-001  2.8000000e-001
  4.6000000e-001  4.2000000e-001  1.2000000e-001
  0.0000000e+000  8.4000000e-001  1.6000000e-001
  8.2000000e-001  1.6000000e-001  2.0000000e-002
  0.0000000e+000  8.4000000e-001  1.6000000e-001
  0.0000000e+000  7.8000000e-001  2.0000000e-001
  0.0000000e+000  7.0000000e-001  3.0000000e-001
  0.0000000e+000  8.6000000e-001  1.2000000e-001
  0.0000000e+000  9.0000000e-001  1.0000000e-001
  8.0000000e-002  7.8000000e-001  1.0000000e-001
  0.0000000e+000  6.8000000e-001  3.2000000e-001
  5.8000000e-001  6.0000000e-002  3.4000000e-001
  4.2000000e-001  3.4000000e-001  2.4000000e-001
  1.0000000e+000  0.0000000e+000  0.0000000e+000
  5.6000000e-001  3.4000000e-001  1.0000000e-001
  8.2000000e-001  8.0000000e-002  1.0000000e-001
  0.0000000e+000  6.2000000e-001  3.4000000e-001
  4.0000000e-002  7.8000000e-001  1.8000000e-001
  7.0000000e-001  2.0000000e-001  1.0000000e-001
  0.0000000e+000  8.6000000e-001  1.0000000e-001
  1.8000000e-001  6.0000000e-001  2.2000000e-001
  4.8000000e-001  3.2000000e-001  2.0000000e-001
  0.0000000e+000  8.4000000e-001  1.4000000e-001
  0.0000000e+000  8.8000000e-001  1.2000000e-001
  0.0000000e+000  7.2000000e-001  2.8000000e-001
  0.0000000e+000  8.6000000e-001  1.4000000e-001
  2.8000000e-001  4.8000000e-001  2.4000000e-001
  1.0000000e-001  7.2000000e-001  1.6000000e-001
  2.0000000e-002  6.4000000e-001  3.4000000e-001
  3.6000000e-001  4.4000000e-001  2.0000000e-001
  6.0000000e-002  7.8000000e-001  1.4000000e-001
  2.0000000e-002  6.6000000e-001  3.2000000e-001
  6.0000000e-001  3.2000000e-001  6.0000000e-002
  4.0000000e-002  6.6000000e-001  3.0000000e-001
  2.0000000e-002  8.6000000e-001  1.2000000e-001
  1.8000000e-001  4.2000000e-001  4.0000000e-001
  5.6000000e-001  2.6000000e-001  1.4000000e-001
  2.0000000e-001  7.0000000e-001  8.0000000e-002
  0.0000000e+000  9.0000000e-001  4.0000000e-002
  0.0000000e+000  7.0000000e-001  3.0000000e-001
  0.0000000e+000  7.4000000e-001  2.6000000e-001
  0.0000000e+000  8.4000000e-001  1.6000000e-001
  0.0000000e+000  6.6000000e-001  3.0000000e-001
  0.0000000e+000  7.6000000e-001  2.4000000e-001
  2.6000000e-001  4.6000000e-001  2.6000000e-001
  2.0000000e-002  8.4000000e-001  1.2000000e-001
  0.0000000e+000  9.0000000e-001  1.0000000e-001
  1.0000000e-001  7.2000000e-001  1.6000000e-001
  0.0000000e+000  8.2000000e-001  1.6000000e-001
  3.0000000e-001  4.8000000e-001  2.2000000e-001
  0.0000000e+000  7.6000000e-001  2.4000000e-001
  0.0000000e+000  8.2000000e-001  1.8000000e-001
  8.0000000e-002  6.8000000e-001  2.2000000e-001
  0.0000000e+000  7.2000000e-001  2.8000000e-001
  0.0000000e+000  7.4000000e-001  2.6000000e-001
  6.2000000e-001  2.4000000e-001  1.4000000e-001
  0.0000000e+000  8.2000000e-001  1.8000000e-001
  2.0000000e-002  8.0000000e-001  1.6000000e-001
  0.0000000e+000  6.6000000e-001  3.0000000e-001
  3.0000000e-001  5.2000000e-001  1.8000000e-001
  2.0000000e-002  8.0000000e-001  1.4000000e-001
  8.8000000e-001  1.0000000e-001  2.0000000e-002
  0.0000000e+000  8.4000000e-001  1.4000000e-001
  2.8000000e-001  3.0000000e-001  4.2000000e-001
  8.0000000e-002  8.2000000e-001  1.0000000e-001
  3.0000000e-001  4.6000000e-001  2.4000000e-001
  9.0000000e-001  8.0000000e-002  2.0000000e-002
  4.0000000e-002  6.6000000e-001  3.0000000e-001
  2.0000000e-002  6.4000000e-001  3.4000000e-001
  2.4000000e-001  5.2000000e-001  2.4000000e-001
  0.0000000e+000  8.0000000e-001  2.0000000e-001
  1.2000000e-001  6.8000000e-001  2.0000000e-001
  0.0000000e+000  7.8000000e-001  2.2000000e-001
  0.0000000e+000  6.2000000e-001  3.8000000e-001
  8.8000000e-001  8.0000000e-002  4.0000000e-002
  1.0000000e-001  6.0000000e-001  2.8000000e-001
  2.0000000e-001  3.6000000e-001  4.4000000e-001
  0.0000000e+000  9.2000000e-001  8.0000000e-002
  0.0000000e+000  5.4000000e-001  4.4000000e-001
  0.0000000e+000  8.4000000e-001  1.4000000e-001
  3.0000000e-001  4.8000000e-001  1.8000000e-001
  0.0000000e+000  6.8000000e-001  3.2000000e-001
  4.0000000e-002  6.6000000e-001  3.0000000e-001
  2.0000000e-002  6.4000000e-001  3.2000000e-001
  0.0000000e+000  7.8000000e-001  2.2000000e-001
  5.6000000e-001  1.2000000e-001  3.2000000e-001
  0.0000000e+000  8.6000000e-001  1.0000000e-001
  8.4000000e-001  4.0000000e-002  1.2000000e-001
  0.0000000e+000  8.8000000e-001  1.2000000e-001
  4.8000000e-001  4.0000000e-001  1.2000000e-001
  0.0000000e+000  7.8000000e-001  2.2000000e-001
  0.0000000e+000  8.2000000e-001  1.8000000e-001
  0.0000000e+000  6.6000000e-001  3.4000000e-001
  6.0000000e-002  8.0000000e-001  8.0000000e-002
  2.0000000e-002  7.2000000e-001  2.6000000e-001
  9.6000000e-001  4.0000000e-002  0.0000000e+000
  0.0000000e+000  6.8000000e-001  2.6000000e-001
  6.8000000e-001  1.6000000e-001  1.4000000e-001
  0.0000000e+000  7.2000000e-001  2.2000000e-001
  2.4000000e-001  4.2000000e-001  3.4000000e-001
  5.4000000e-001  2.6000000e-001  2.0000000e-001
  2.0000000e-002  3.8000000e-001  5.8000000e-001
  0.0000000e+000  7.2000000e-001  2.4000000e-001
  8.2000000e-001  1.2000000e-001  2.0000000e-002
  8.2000000e-001  1.2000000e-001  6.0000000e-002
  4.4000000e-001  4.2000000e-001  1.4000000e-001
  7.4000000e-001  1.4000000e-001  1.2000000e-001
  4.0000000e-002  5.4000000e-001  3.8000000e-001
  0.0000000e+000  7.8000000e-001  2.2000000e-001
  6.0000000e-002  5.4000000e-001  3.6000000e-001
  2.0000000e-002  8.8000000e-001  8.0000000e-002
  2.0000000e-002  7.8000000e-001  2.0000000e-001
  6.0000000e-002  7.6000000e-001  1.4000000e-001
  0.0000000e+000  7.6000000e-001  2.4000000e-001
  6.0000000e-002  6.4000000e-001  2.6000000e-001
  0.0000000e+000  7.8000000e-001  2.2000000e-001
  7.2000000e-001  1.8000000e-001  1.0000000e-001
  7.2000000e-001  1.4000000e-001  1.4000000e-001
  2.0000000e-002  5.8000000e-001  4.0000000e-001
  0.0000000e+000  8.8000000e-001  1.2000000e-001
  3.0000000e-001  3.8000000e-001  3.0000000e-001
  1.4000000e-001  5.4000000e-001  3.0000000e-001
  0.0000000e+000  7.0000000e-001  2.8000000e-001
  0.0000000e+000  7.4000000e-001  2.6000000e-001
  0.0000000e+000  8.0000000e-001  1.6000000e-001
  4.6000000e-001  4.0000000e-001  1.4000000e-001
  6.0000000e-002  6.8000000e-001  2.4000000e-001
  2.0000000e-002  7.6000000e-001  2.0000000e-001
  1.4000000e-001  7.0000000e-001  1.6000000e-001
  5.0000000e-001  3.4000000e-001  1.6000000e-001
  3.6000000e-001  4.2000000e-001  2.2000000e-001
  5.8000000e-001  3.2000000e-001  1.0000000e-001
  7.2000000e-001  6.0000000e-002  2.2000000e-001
  7.0000000e-001  1.6000000e-001  1.4000000e-001
  6.2000000e-001  2.8000000e-001  1.0000000e-001
  2.0000000e-001  5.8000000e-001  2.2000000e-001
  2.0000000e-002  8.6000000e-001  1.2000000e-001
  3.0000000e-001  5.2000000e-001  1.8000000e-001
  1.6000000e-001  6.0000000e-001  2.2000000e-001
  0.0000000e+000  8.4000000e-001  1.6000000e-001
  6.6000000e-001  8.0000000e-002  2.6000000e-001
  3.4000000e-001  5.2000000e-001  1.4000000e-001
  1.0000000e+000  0.0000000e+000  0.0000000e+000
  2.0000000e-002  6.8000000e-001  2.8000000e-001
  0.0000000e+000  6.8000000e-001  3.2000000e-001
  0.0000000e+000  8.8000000e-001  1.2000000e-001
  0.0000000e+000  7.4000000e-001  1.2000000e-001
  2.2000000e-001  4.2000000e-001  3.6000000e-001
  4.0000000e-002  7.2000000e-001  2.0000000e-001
  4.0000000e-002  6.2000000e-001  3.4000000e-001
  0.0000000e+000  5.2000000e-001  4.2000000e-001
  4.8000000e-001  4.4000000e-001  8.0000000e-002
  3.2000000e-001  4.8000000e-001  2.0000000e-001
  0.0000000e+000  6.4000000e-001  3.6000000e-001
  3.0000000e-001  5.6000000e-001  1.2000000e-001
  0.0000000e+000  5.6000000e-001  4.4000000e-001
  7.0000000e-001  2.4000000e-001  6.0000000e-002
  9.8000000e-001  0.0000000e+000  2.0000000e-002
  8.8000000e-001  4.0000000e-002  8.0000000e-002
  0.0000000e+000  7.6000000e-001  2.4000000e-001
  0.0000000e+000  7.6000000e-001  2.4000000e-001
  2.0000000e-002  7.6000000e-001  2.2000000e-001
  0.0000000e+000  7.2000000e-001  2.8000000e-001
  1.0000000e-001  5.0000000e-001  3.8000000e-001
  4.6000000e-001  3.6000000e-001  1.8000000e-001
  6.6000000e-001  2.2000000e-001  4.0000000e-002
  2.6000000e-001  3.6000000e-001  3.8000000e-001
  3.2000000e-001  3.4000000e-001  3.4000000e-001
  7.8000000e-001  1.6000000e-001  4.0000000e-002
  2.0000000e-001  4.0000000e-001  4.0000000e-001
  8.6000000e-001  1.0000000e-001  4.0000000e-002
  0.0000000e+000  6.4000000e-001  3.4000000e-001
  0.0000000e+000  8.2000000e-001  1.8000000e-001
  0.0000000e+000  8.8000000e-001  1.0000000e-001
  0.0000000e+000  9.4000000e-001  6.0000000e-002
  3.2000000e-001  4.6000000e-001  2.2000000e-001
  7.0000000e-001  1.6000000e-001  1.4000000e-001
  6.0000000e-001  2.2000000e-001  1.8000000e-001
  4.8000000e-001  2.2000000e-001  3.0000000e-001
  3.6000000e-001  4.0000000e-001  2.2000000e-001
  0.0000000e+000  8.2000000e-001  1.8000000e-001
  2.0000000e-002  8.2000000e-001  1.2000000e-001
  8.0000000e-002  5.8000000e-001  3.2000000e-001
  0.0000000e+000  8.6000000e-001  1.2000000e-001
  1.4000000e-001  7.6000000e-001  6.0000000e-002
  0.0000000e+000  7.2000000e-001  2.4000000e-001
  1.2000000e-001  6.0000000e-001  1.8000000e-001
  0.0000000e+000  8.0000000e-001  1.6000000e-001
  0.0000000e+000  7.4000000e-001  1.8000000e-001
  0.0000000e+000  9.0000000e-001  8.0000000e-002
  0.0000000e+000  8.0000000e-001  2.0000000e-001
  0.0000000e+000  7.4000000e-001  2.6000000e-001
  0.0000000e+000  8.6000000e-001  1.4000000e-001
  0.0000000e+000  5.8000000e-001  4.2000000e-001
  8.0000000e-002  6.8000000e-001  2.2000000e-001
  0.0000000e+000  8.6000000e-001  1.0000000e-001
  0.0000000e+000  7.2000000e-001  2.8000000e-001
  0.0000000e+000  7.0000000e-001  2.8000000e-001
  5.0000000e-001  3.6000000e-001  1.4000000e-001
  0.0000000e+000  8.8000000e-001  1.2000000e-001
  3.2000000e-001  5.2000000e-001  1.4000000e-001
  1.8000000e-001  5.0000000e-001  3.2000000e-001
  4.8000000e-001  3.0000000e-001  1.8000000e-001
  0.0000000e+000  7.2000000e-001  2.6000000e-001
  0.0000000e+000  5.0000000e-001  5.0000000e-001
  0.0000000e+000  8.2000000e-001  1.4000000e-001
  4.0000000e-002  7.0000000e-001  2.2000000e-001
  6.4000000e-001  2.2000000e-001  1.4000000e-001
  0.0000000e+000  6.2000000e-001  3.8000000e-001
  6.8000000e-001  1.8000000e-001  1.2000000e-001
  0.0000000e+000  8.4000000e-001  1.6000000e-001
  4.4000000e-001  4.6000000e-001  1.0000000e-001
  2.0000000e-002  8.2000000e-001  1.6000000e-001
  9.4000000e-001  4.0000000e-002  2.0000000e-002
  9.6000000e-001  4.0000000e-002  0.0000000e+000
  5.4000000e-001  3.0000000e-001  1.6000000e-001
  8.8000000e-001  6.0000000e-002  6.0000000e-002
  4.0000000e-002  8.6000000e-001  8.0000000e-002
  7.8000000e-001  1.2000000e-001  1.0000000e-001
  2.6000000e-001  5.4000000e-001  1.6000000e-001
  2.0000000e-002  6.0000000e-001  3.6000000e-001
  3.2000000e-001  4.4000000e-001  2.4000000e-001
  0.0000000e+000  7.4000000e-001  2.6000000e-001
  1.0000000e-001  4.8000000e-001  4.0000000e-001
  0.0000000e+000  7.0000000e-001  3.0000000e-001
  0.0000000e+000  8.0000000e-001  2.0000000e-001
  3.4000000e-001  5.0000000e-001  1.6000000e-001
  4.8000000e-001  2.2000000e-001  3.0000000e-001
  0.0000000e+000  8.0000000e-001  2.0000000e-001
  0.0000000e+000  6.6000000e-001  3.4000000e-001
  3.4000000e-001  5.4000000e-001  1.2000000e-001
  0.0000000e+000  6.4000000e-001  3.6000000e-001
  0.0000000e+000  8.0000000e-001  2.0000000e-001
  0.0000000e+000  9.0000000e-001  1.0000000e-001
  0.0000000e+000  6.0000000e-001  4.0000000e-001
  0.0000000e+000  7.8000000e-001  2.0000000e-001
  0.0000000e+000  8.6000000e-001  1.4000000e-001
  0.0000000e+000  8.0000000e-001  1.8000000e-001
  2.0000000e-002  7.2000000e-001  2.6000000e-001
  8.0000000e-002  8.0000000e-001  1.2000000e-001
  0.0000000e+000  7.4000000e-001  2.6000000e-001
  0.0000000e+000  6.8000000e-001  3.0000000e-001
  0.0000000e+000  8.0000000e-001  2.0000000e-001
  8.0000000e-002  7.8000000e-001  1.4000000e-001
  2.0000000e-002  6.4000000e-001  3.4000000e-001
  9.6000000e-001  4.0000000e-002  0.0000000e+000
  2.2000000e-001  4.0000000e-001  3.8000000e-001
  0.0000000e+000  7.0000000e-001  3.0000000e-001
  2.4000000e-001  5.6000000e-001  1.6000000e-001
  4.0000000e-002  8.0000000e-001  1.4000000e-001
  0.0000000e+000  8.8000000e-001  1.2000000e-001
  4.0000000e-002  7.0000000e-001  2.6000000e-001
  0.0000000e+000  7.0000000e-001  3.0000000e-001
  0.0000000e+000  8.6000000e-001  1.2000000e-001
  0.0000000e+000  8.0000000e-001  2.0000000e-001
  6.6000000e-001  1.6000000e-001  1.8000000e-001
  5.0000000e-001  1.6000000e-001  3.4000000e-001
  0.0000000e+000  7.8000000e-001  2.2000000e-001
  3.6000000e-001  5.0000000e-001  1.4000000e-001
  6.6000000e-001  1.8000000e-001  1.6000000e-001
  9.6000000e-001  0.0000000e+000  4.0000000e-002
  6.2000000e-001  2.6000000e-001  1.2000000e-001
  8.0000000e-002  6.2000000e-001  2.8000000e-001
  6.4000000e-001  2.6000000e-001  1.0000000e-001
  2.0000000e-002  6.8000000e-001  3.0000000e-001
  7.4000000e-001  1.0000000e-001  1.6000000e-001
  1.4000000e-001  6.6000000e-001  1.4000000e-001
  6.8000000e-001  1.6000000e-001  1.6000000e-001
  0.0000000e+000  8.2000000e-001  1.6000000e-001
  0.0000000e+000  7.6000000e-001  2.4000000e-001
  0.0000000e+000  6.6000000e-001  3.4000000e-001
  0.0000000e+000  8.2000000e-001  1.8000000e-001
  2.0000000e-002  7.8000000e-001  1.8000000e-001
  1.0000000e+000  0.0000000e+000  0.0000000e+000
  2.6000000e-001  5.6000000e-001  1.8000000e-001
  5.2000000e-001  4.2000000e-001  6.0000000e-002
  2.2000000e-001  4.8000000e-001  3.0000000e-001
  9.0000000e-001  8.0000000e-002  2.0000000e-002
  3.8000000e-001  4.2000000e-001  2.0000000e-001
  1.8000000e-001  5.6000000e-001  2.6000000e-001
  1.2000000e-001  6.4000000e-001  2.4000000e-001
  0.0000000e+000  8.8000000e-001  8.0000000e-002
  4.0000000e-002  8.6000000e-001  8.0000000e-002
  0.0000000e+000  7.6000000e-001  2.0000000e-001
  0.0000000e+000  8.2000000e-001  1.8000000e-001
  2.0000000e-002  9.0000000e-001  8.0000000e-002
  4.8000000e-001  3.8000000e-001  1.2000000e-001
  2.6000000e-001  4.6000000e-001  2.8000000e-001
  3.6000000e-001  4.0000000e-001  2.2000000e-001
  2.0000000e-002  7.6000000e-001  2.2000000e-001
  0.0000000e+000  6.4000000e-001  3.6000000e-001
  0.0000000e+000  7.2000000e-001  2.8000000e-001
  2.6000000e-001  4.2000000e-001  3.0000000e-001
  6.0000000e-002  5.2000000e-001  4.0000000e-001
  8.8000000e-001  8.0000000e-002  4.0000000e-002
  6.0000000e-001  2.6000000e-001  1.4000000e-001
  7.8000000e-001  1.4000000e-001  8.0000000e-002
  1.6000000e-001  6.4000000e-001  2.0000000e-001
  4.0000000e-002  7.8000000e-001  1.6000000e-001
  0.0000000e+000  8.2000000e-001  1.8000000e-001
  3.8000000e-001  2.0000000e-001  4.2000000e-001
  8.6000000e-001  6.0000000e-002  8.0000000e-002
  9.4000000e-001  2.0000000e-002  4.0000000e-002
  4.4000000e-001  2.6000000e-001  3.0000000e-001
  1.8000000e-001  3.8000000e-001  4.4000000e-001
  8.0000000e-002  7.4000000e-001  1.8000000e-001
  3.2000000e-001  5.4000000e-001  1.4000000e-001
  9.2000000e-001  4.0000000e-002  4.0000000e-002
  0.0000000e+000  7.6000000e-001  2.2000000e-001
  2.0000000e-002  6.6000000e-001  3.2000000e-001
  7.4000000e-001  1.2000000e-001  1.4000000e-001
  2.2000000e-001  6.4000000e-001  1.4000000e-001
  1.0000000e-001  7.0000000e-001  1.8000000e-001
  0.0000000e+000  6.6000000e-001  3.4000000e-001
  0.0000000e+000  6.8000000e-001  3.0000000e-001
  9.0000000e-001  4.0000000e-002  6.0000000e-002
  0.0000000e+000  7.8000000e-001  1.2000000e-001
  0.0000000e+000  7.4000000e-001  2.6000000e-001
  6.0000000e-001  2.2000000e-001  1.8000000e-001
  8.0000000e-001  1.2000000e-001  8.0000000e-002
  0.0000000e+000  7.4000000e-001  2.4000000e-001
  2.4000000e-001  5.6000000e-001  2.0000000e-001
  0.0000000e+000  6.6000000e-001  3.4000000e-001
  4.2000000e-001  3.2000000e-001  2.4000000e-001
  6.6000000e-001  2.4000000e-001  8.0000000e-002
  0.0000000e+000  8.0000000e-001  2.0000000e-001
  0.0000000e+000  8.4000000e-001  1.6000000e-001
  0.0000000e+000  8.8000000e-001  1.2000000e-001
  1.0000000e+000  0.0000000e+000  0.0000000e+000
  8.0000000e-002  5.4000000e-001  3.6000000e-001
  0.0000000e+000  5.2000000e-001  4.8000000e-001
  3.2000000e-001  4.6000000e-001  1.6000000e-001
  0.0000000e+000  8.2000000e-001  1.8000000e-001
  0.0000000e+000  8.0000000e-001  1.4000000e-001
  4.8000000e-001  2.8000000e-001  2.4000000e-001
  3.0000000e-001  5.0000000e-001  1.8000000e-001
  4.0000000e-002  5.4000000e-001  4.2000000e-001
  6.8000000e-001  2.4000000e-001  8.0000000e-002
  5.4000000e-001  3.8000000e-001  6.0000000e-002
  2.0000000e-002  7.6000000e-001  2.2000000e-001
  3.2000000e-001  4.4000000e-001  2.4000000e-001
  4.0000000e-002  7.2000000e-001  2.4000000e-001
  0.0000000e+000  9.2000000e-001  4.0000000e-002
  2.4000000e-001  5.2000000e-001  2.4000000e-001
  2.8000000e-001  5.8000000e-001  1.0000000e-001
  0.0000000e+000  8.4000000e-001  1.6000000e-001
  0.0000000e+000  8.6000000e-001  1.0000000e-001
  0.0000000e+000  6.6000000e-001  3.4000000e-001
  0.0000000e+000  6.0000000e-001  4.0000000e-001
  5.2000000e-001  3.6000000e-001  1.2000000e-001
  3.4000000e-001  4.8000000e-001  1.8000000e-001
  0.0000000e+000  7.8000000e-001  2.2000000e-001
  2.0000000e-002  7.4000000e-001  2.2000000e-001
  0.0000000e+000  8.2000000e-001  1.6000000e-001
  4.0000000e-002  5.8000000e-001  3.8000000e-001
  2.4000000e-001  3.8000000e-001  3.6000000e-001
  0.0000000e+000  9.6000000e-001  2.0000000e-002
  9.2000000e-001  6.0000000e-002  2.0000000e-002
  8.0000000e-002  5.2000000e-001  3.8000000e-001
  0.0000000e+000  9.0000000e-001  8.0000000e-002
  0.0000000e+000  8.0000000e-001  2.0000000e-001
  1.8000000e-001  5.8000000e-001  2.4000000e-001
  0.0000000e+000  8.2000000e-001  1.8000000e-001
  3.2000000e-001  2.6000000e-001  4.2000000e-001
  0.0000000e+000  6.8000000e-001  3.2000000e-001
  0.0000000e+000  7.6000000e-001  2.4000000e-001
  5.4000000e-001  3.4000000e-001  1.0000000e-001
  2.0000000e-002  6.2000000e-001  3.6000000e-001
  8.0000000e-002  6.0000000e-001  3.2000000e-001
  0.0000000e+000  8.4000000e-001  1.6000000e-001
  1.2000000e-001  5.0000000e-001  3.8000000e-001
  0.0000000e+000  7.2000000e-001  2.8000000e-001
  0.0000000e+000  7.8000000e-001  2.2000000e-001
  2.6000000e-001  5.0000000e-001  2.4000000e-001
  0.0000000e+000  9.0000000e-001  1.0000000e-001
  3.0000000e-001  4.8000000e-001  2.0000000e-001
  2.2000000e-001  4.0000000e-001  3.6000000e-001
  0.0000000e+000  8.0000000e-001  2.0000000e-001
  6.2000000e-001  2.8000000e-001  8.0000000e-002
  3.0000000e-001  6.2000000e-001  8.0000000e-002
  2.6000000e-001  5.0000000e-001  2.4000000e-001
  1.0000000e-001  6.4000000e-001  2.6000000e-001
  3.6000000e-001  3.6000000e-001  2.8000000e-001
  6.0000000e-002  7.2000000e-001  2.0000000e-001
  7.0000000e-001  1.8000000e-001  1.0000000e-001
  6.8000000e-001  1.0000000e-001  2.2000000e-001
  2.0000000e-001  6.4000000e-001  1.6000000e-001
  6.0000000e-002  7.0000000e-001  2.4000000e-001
  3.0000000e-001  3.8000000e-001  3.2000000e-001
  4.0000000e-002  6.8000000e-001  2.6000000e-001
  0.0000000e+000  8.4000000e-001  1.6000000e-001
  4.2000000e-001  4.4000000e-001  1.4000000e-001
  7.8000000e-001  1.0000000e-001  1.0000000e-001
  1.2000000e-001  7.2000000e-001  1.6000000e-001
  4.8000000e-001  2.8000000e-001  2.2000000e-001
  0.0000000e+000  8.4000000e-001  1.2000000e-001
  3.2000000e-001  4.8000000e-001  1.8000000e-001
  4.0000000e-001  3.0000000e-001  3.0000000e-001
  0.0000000e+000  7.8000000e-001  2.0000000e-001
  2.0000000e-002  8.8000000e-001  1.0000000e-001
  4.0000000e-002  6.6000000e-001  2.8000000e-001
  4.4000000e-001  3.0000000e-001  2.6000000e-001
  0.0000000e+000  8.4000000e-001  1.4000000e-001
  0.0000000e+000  6.2000000e-001  3.6000000e-001
  0.0000000e+000  8.8000000e-001  1.0000000e-001
  6.0000000e-002  7.0000000e-001  2.2000000e-001
  0.0000000e+000  8.2000000e-001  1.8000000e-001
  3.2000000e-001  4.6000000e-001  2.2000000e-001
  0.0000000e+000  6.8000000e-001  3.2000000e-001
  2.0000000e-002  7.2000000e-001  2.6000000e-001
  9.6000000e-001  2.0000000e-002  2.0000000e-002
  0.0000000e+000  8.2000000e-001  1.8000000e-001
  0.0000000e+000  8.0000000e-001  2.0000000e-001
  0.0000000e+000  8.2000000e-001  1.6000000e-001
  2.8000000e-001  6.0000000e-001  1.0000000e-001
  0.0000000e+000  6.0000000e-001  4.0000000e-001
  0.0000000e+000  7.8000000e-001  2.2000000e-001
  3.0000000e-001  5.6000000e-001  1.4000000e-001
  5.0000000e-001  3.8000000e-001  8.0000000e-002
  0.0000000e+000  7.0000000e-001  2.8000000e-001
  0.0000000e+000  7.4000000e-001  2.4000000e-001
  0.0000000e+000  6.8000000e-001  3.2000000e-001
  2.0000000e-002  4.0000000e-001  5.8000000e-001
  1.0000000e-001  6.4000000e-001  2.2000000e-001
  6.0000000e-002  4.0000000e-001  5.4000000e-001
  4.0000000e-002  8.4000000e-001  1.0000000e-001
  0.0000000e+000  8.0000000e-001  1.6000000e-001
  0.0000000e+000  8.8000000e-001  1.0000000e-001
  1.4000000e-001  5.6000000e-001  3.0000000e-001
  8.8000000e-001  8.0000000e-002  4.0000000e-002
  0.0000000e+000  7.2000000e-001  2.4000000e-001
  2.0000000e-002  7.4000000e-001  2.4000000e-001
  0.0000000e+000  7.0000000e-001  3.0000000e-001
  4.0000000e-002  7.6000000e-001  1.8000000e-001
  0.0000000e+000  8.4000000e-001  1.0000000e-001
  0.0000000e+000  7.4000000e-001  2.4000000e-001
  1.8000000e-001  6.0000000e-001  2.2000000e-001
  4.0000000e-002  5.8000000e-001  3.8000000e-001
  1.4000000e-001  7.0000000e-001  1.4000000e-001
  7.2000000e-001  1.6000000e-001  8.0000000e-002
  2.0000000e-002  8.0000000e-001  1.8000000e-001
  3.0000000e-001  4.8000000e-001  2.0000000e-001
  2.4000000e-001  4.4000000e-001  3.2000000e-001
  0.0000000e+000  8.0000000e-001  1.6000000e-001
  0.0000000e+000  8.8000000e-001  1.0000000e-001
  0.0000000e+000  8.4000000e-001  1.6000000e-001
  0.0000000e+000  8.6000000e-001  1.4000000e-001
  0.0000000e+000  8.4000000e-001  1.4000000e-001
  6.4000000e-001  1.2000000e-001  2.4000000e-001
  6.0000000e-002  7.4000000e-001  1.6000000e-001
  3.4000000e-001  3.6000000e-001  2.4000000e-001
  2.0000000e-002  7.2000000e-001  2.4000000e-001
  4.8000000e-001  2.6000000e-001  2.4000000e-001
  0.0000000e+000  7.6000000e-001  2.2000000e-001
  8.8000000e-001  4.0000000e-002  8.0000000e-002
  5.6000000e-001  1.8000000e-001  2.6000000e-001
  0.0000000e+000  6.2000000e-001  3.8000000e-001
  9.0000000e-001  4.0000000e-002  6.0000000e-002
  0.0000000e+000  8.4000000e-001  1.0000000e-001
  0.0000000e+000  8.6000000e-001  1.4000000e-001
  9.2000000e-001  8.0000000e-002  0.0000000e+000
  0.0000000e+000  8.0000000e-001  1.8000000e-001
  5.6000000e-001  4.0000000e-001  4.0000000e-002
  4.0000000e-002  3.8000000e-001  5.8000000e-001
  0.0000000e+000  7.6000000e-001  2.4000000e-001
  6.0000000e-002  5.0000000e-001  4.2000000e-001
  0.0000000e+000  7.2000000e-001  2.8000000e-001
  4.0000000e-002  8.6000000e-001  8.0000000e-002
  4.6000000e-001  1.4000000e-001  4.0000000e-001
  0.0000000e+000  7.0000000e-001  3.0000000e-001
  0.0000000e+000  6.8000000e-001  3.2000000e-001
  4.0000000e-002  7.2000000e-001  2.2000000e-001
  8.0000000e-002  6.6000000e-001  2.4000000e-001
  2.2000000e-001  4.0000000e-001  3.8000000e-001
  2.0000000e-002  8.6000000e-001  1.2000000e-001
  2.0000000e-002  8.8000000e-001  8.0000000e-002
  0.0000000e+000  7.4000000e-001  2.2000000e-001
  0.0000000e+000  8.0000000e-001  2.0000000e-001
  5.2000000e-001  3.0000000e-001  1.8000000e-001
  2.0000000e-002  8.8000000e-001  1.0000000e-001
  2.6000000e-001  4.2000000e-001  3.0000000e-001
  1.6000000e-001  3.8000000e-001  4.4000000e-001
  2.0000000e-002  8.2000000e-001  1.2000000e-001
  3.2000000e-001  4.4000000e-001  2.4000000e-001
  0.0000000e+000  7.4000000e-001  1.8000000e-001
  3.0000000e-001  4.4000000e-001  2.4000000e-001
  6.0000000e-001  2.2000000e-001  1.8000000e-001
  0.0000000e+000  7.4000000e-001  2.6000000e-001
  3.2000000e-001  3.4000000e-001  3.4000000e-001
  4.0000000e-002  8.2000000e-001  1.4000000e-001
  2.0000000e-002  6.6000000e-001  3.2000000e-001
  0.0000000e+000  5.2000000e-001  4.4000000e-001
  7.8000000e-001  1.4000000e-001  6.0000000e-002
  7.2000000e-001  1.4000000e-001  1.4000000e-001
  0.0000000e+000  7.8000000e-001  2.0000000e-001
  4.0000000e-002  8.0000000e-001  1.6000000e-001
  2.8000000e-001  3.6000000e-001  3.6000000e-001
  0.0000000e+000  8.8000000e-001  1.2000000e-001
  2.2000000e-001  6.8000000e-001  2.0000000e-002
  0.0000000e+000  8.4000000e-001  1.6000000e-001
  0.0000000e+000  7.6000000e-001  2.4000000e-001
  6.2000000e-001  2.0000000e-001  1.8000000e-001
  2.0000000e-002  8.2000000e-001  1.2000000e-001
  2.2000000e-001  5.2000000e-001  2.2000000e-001
  2.0000000e-002  7.4000000e-001  2.4000000e-001
  8.0000000e-002  7.4000000e-001  1.6000000e-001
  0.0000000e+000  5.8000000e-001  4.0000000e-001
  2.0000000e-002  7.6000000e-001  1.6000000e-001
  0.0000000e+000  8.0000000e-001  2.0000000e-001
  0.0000000e+000  6.4000000e-001  3.6000000e-001
  1.0000000e-001  6.0000000e-001  2.8000000e-001
  7.4000000e-001  1.6000000e-001  1.0000000e-001
  0.0000000e+000  7.2000000e-001  2.8000000e-001
  3.6000000e-001  3.8000000e-001  2.4000000e-001
  6.0000000e-002  6.6000000e-001  2.4000000e-001
  9.2000000e-001  6.0000000e-002  2.0000000e-002
  7.2000000e-001  1.8000000e-001  8.0000000e-002
  0.0000000e+000  8.8000000e-001  8.0000000e-002
  0.0000000e+000  8.4000000e-001  1.6000000e-001
  0.0000000e+000  7.2000000e-001  2.8000000e-001
  4.0000000e-002  7.2000000e-001  2.4000000e-001
  1.6000000e-001  4.2000000e-001  4.2000000e-001
  9.8000000e-001  0.0000000e+000  2.0000000e-002
  1.2000000e-001  4.6000000e-001  4.2000000e-001
  3.8000000e-001  4.2000000e-001  2.0000000e-001
  0.0000000e+000  7.4000000e-001  2.6000000e-001
  0.0000000e+000  8.4000000e-001  1.6000000e-001
  2.4000000e-001  6.0000000e-001  1.4000000e-001
  4.6000000e-001  5.2000000e-001  2.0000000e-002
  1.8000000e-001  3.2000000e-001  5.0000000e-001
  3.0000000e-001  5.0000000e-001  2.0000000e-001
  2.8000000e-001  5.2000000e-001  1.8000000e-001
  8.2000000e-001  1.0000000e-001  8.0000000e-002
  0.0000000e+000  8.2000000e-001  1.2000000e-001
  2.8000000e-001  4.8000000e-001  2.0000000e-001
  0.0000000e+000  6.8000000e-001  2.8000000e-001
  0.0000000e+000  8.6000000e-001  1.4000000e-001
  2.0000000e-002  6.6000000e-001  3.2000000e-001
  0.0000000e+000  8.6000000e-001  1.2000000e-001
  8.4000000e-001  1.2000000e-001  4.0000000e-002
  5.0000000e-001  3.8000000e-001  1.2000000e-001
  0.0000000e+000  6.0000000e-001  3.8000000e-001
  4.0000000e-002  7.4000000e-001  2.2000000e-001
  8.0000000e-001  1.6000000e-001  4.0000000e-002
  1.8000000e-001  3.8000000e-001  4.2000000e-001
  2.2000000e-001  5.2000000e-001  2.6000000e-001
  0.0000000e+000  9.8000000e-001  0.0000000e+000
  0.0000000e+000  8.0000000e-001  1.6000000e-001
  2.8000000e-001  4.8000000e-001  2.4000000e-001
  8.0000000e-002  7.6000000e-001  1.4000000e-001
  8.4000000e-001  8.0000000e-002  8.0000000e-002
  2.0000000e-002  6.2000000e-001  3.6000000e-001
  0.0000000e+000  6.6000000e-001  3.4000000e-001
  1.4000000e-001  6.0000000e-001  2.6000000e-001
  5.8000000e-001  2.6000000e-001  1.6000000e-001
  0.0000000e+000  7.8000000e-001  2.2000000e-001
  3.8000000e-001  4.2000000e-001  1.8000000e-001
  0.0000000e+000  8.0000000e-001  1.8000000e-001
  4.2000000e-001  4.8000000e-001  1.0000000e-001
  3.8000000e-001  3.6000000e-001  2.6000000e-001
  0.0000000e+000  7.6000000e-001  2.4000000e-001
  0.0000000e+000  8.8000000e-001  1.0000000e-001
  3.4000000e-001  4.6000000e-001  1.8000000e-001
  4.4000000e-001  3.6000000e-001  2.0000000e-001
  2.0000000e-002  6.6000000e-001  3.2000000e-001
  9.8000000e-001  2.0000000e-002  0.0000000e+000
  6.0000000e-002  7.4000000e-001  1.6000000e-001
  0.0000000e+000  8.4000000e-001  1.6000000e-001
  0.0000000e+000  8.4000000e-001  1.6000000e-001
  1.2000000e-001  5.4000000e-001  3.4000000e-001
  0.0000000e+000  8.6000000e-001  1.4000000e-001
  2.2000000e-001  5.6000000e-001  2.2000000e-001
  2.8000000e-001  2.8000000e-001  4.2000000e-001
  4.2000000e-001  4.2000000e-001  1.2000000e-001
  6.0000000e-002  6.6000000e-001  2.8000000e-001
  0.0000000e+000  8.2000000e-001  1.6000000e-001
  0.0000000e+000  8.2000000e-001  1.6000000e-001
  2.0000000e-002  8.2000000e-001  1.0000000e-001
  0.0000000e+000  8.0000000e-001  6.0000000e-002
  0.0000000e+000  9.0000000e-001  1.0000000e-001
  4.0000000e-002  6.2000000e-001  3.4000000e-001
  2.0000000e-002  7.2000000e-001  2.6000000e-001
  4.0000000e-001  4.0000000e-001  2.0000000e-001
  1.0000000e-001  8.2000000e-001  8.0000000e-002
  4.4000000e-001  4.8000000e-001  6.0000000e-002
  0.0000000e+000  8.2000000e-001  1.0000000e-001
  4.0000000e-002  6.2000000e-001  3.4000000e-001
  9.6000000e-001  0.0000000e+000  4.0000000e-002
  2.0000000e-002  6.8000000e-001  3.0000000e-001
  8.2000000e-001  1.0000000e-001  6.0000000e-002
  6.0000000e-002  7.4000000e-001  2.0000000e-001
  5.8000000e-001  2.8000000e-001  1.2000000e-001
  7.4000000e-001  2.0000000e-001  6.0000000e-002
  0.0000000e+000  7.8000000e-001  2.2000000e-001
  7.2000000e-001  2.0000000e-001  8.0000000e-002
  2.0000000e-002  7.0000000e-001  2.6000000e-001
  0.0000000e+000  7.2000000e-001  2.8000000e-001
  0.0000000e+000  9.4000000e-001  6.0000000e-002
  9.8000000e-001  0.0000000e+000  2.0000000e-002
  6.4000000e-001  1.8000000e-001  1.6000000e-001
  0.0000000e+000  7.0000000e-001  3.0000000e-001
  0.0000000e+000  8.8000000e-001  1.2000000e-001
  2.0000000e-002  6.2000000e-001  3.6000000e-001
  4.2000000e-001  3.8000000e-001  1.8000000e-001
  2.2000000e-001  5.2000000e-001  2.6000000e-001
  2.0000000e-002  7.2000000e-001  2.6000000e-001
  0.0000000e+000  8.8000000e-001  1.2000000e-001
  0.0000000e+000  9.4000000e-001  4.0000000e-002
  0.0000000e+000  7.4000000e-001  2.6000000e-001
  3.4000000e-001  3.4000000e-001  3.2000000e-001
  2.4000000e-001  6.0000000e-001  1.4000000e-001
  0.0000000e+000  8.8000000e-001  4.0000000e-002
  4.2000000e-001  4.0000000e-001  1.8000000e-001
  6.0000000e-002  7.6000000e-001  1.8000000e-001
  1.0000000e+000  0.0000000e+000  0.0000000e+000
  3.6000000e-001  5.0000000e-001  1.4000000e-001
  0.0000000e+000  8.4000000e-001  1.6000000e-001
  2.0000000e-002  8.4000000e-001  1.2000000e-001
  2.8000000e-001  3.6000000e-001  3.6000000e-001
  5.8000000e-001  2.0000000e-001  2.2000000e-001
  1.0000000e-001  7.6000000e-001  1.4000000e-001
  0.0000000e+000  8.6000000e-001  1.4000000e-001
  1.6000000e-001  4.8000000e-001  3.6000000e-001
  0.0000000e+000  6.2000000e-001  3.8000000e-001
  2.4000000e-001  5.8000000e-001  1.6000000e-001
  6.0000000e-002  7.8000000e-001  1.6000000e-001
  5.6000000e-001  3.8000000e-001  6.0000000e-002
  2.0000000e-002  8.2000000e-001  1.4000000e-001
  8.0000000e-002  7.6000000e-001  1.6000000e-001
  4.0000000e-002  7.6000000e-001  2.0000000e-001
  8.6000000e-001  1.2000000e-001  2.0000000e-002
  0.0000000e+000  7.2000000e-001  2.6000000e-001
  9.4000000e-001  6.0000000e-002  0.0000000e+000
  0.0000000e+000  8.0000000e-001  1.8000000e-001
  9.8000000e-001  2.0000000e-002  0.0000000e+000
  0.0000000e+000  7.8000000e-001  2.2000000e-001
  3.6000000e-001  5.8000000e-001  2.0000000e-002
  0.0000000e+000  8.2000000e-001  1.6000000e-001
  9.4000000e-001  4.0000000e-002  2.0000000e-002
  0.0000000e+000  7.8000000e-001  2.2000000e-001
  2.0000000e-002  8.4000000e-001  1.4000000e-001
  0.0000000e+000  7.2000000e-001  2.8000000e-001
  2.0000000e-002  5.2000000e-001  4.6000000e-001
  4.2000000e-001  3.8000000e-001  2.0000000e-001
  1.6000000e-001  5.0000000e-001  3.4000000e-001
  6.2000000e-001  2.2000000e-001  1.6000000e-001
  9.0000000e-001  8.0000000e-002  2.0000000e-002
  3.6000000e-001  5.4000000e-001  1.0000000e-001
  0.0000000e+000  7.4000000e-001  2.2000000e-001
  0.0000000e+000  9.4000000e-001  4.0000000e-002
  8.0000000e-002  5.0000000e-001  4.2000000e-001
  0.0000000e+000  7.4000000e-001  2.6000000e-001
  3.8000000e-001  4.2000000e-001  1.8000000e-001
  0.0000000e+000  8.6000000e-001  1.4000000e-001
  6.0000000e-002  7.0000000e-001  2.0000000e-001
  3.2000000e-001  4.0000000e-001  2.8000000e-001
  1.8000000e-001  6.2000000e-001  2.0000000e-001
  0.0000000e+000  8.4000000e-001  1.6000000e-001
  0.0000000e+000  6.2000000e-001  3.8000000e-001
  0.0000000e+000  8.0000000e-001  2.0000000e-001
  0.0000000e+000  7.4000000e-001  2.4000000e-001
  0.0000000e+000  7.8000000e-001  2.0000000e-001
  0.0000000e+000  7.0000000e-001  4.0000000e-002
  4.0000000e-002  4.6000000e-001  5.0000000e-001
  2.0000000e-002  8.8000000e-001  8.0000000e-002
  9.2000000e-001  2.0000000e-002  6.0000000e-002
  0.0000000e+000  7.8000000e-001  1.8000000e-001
  2.6000000e-001  3.8000000e-001  3.6000000e-001
  2.0000000e-002  6.0000000e-001  3.8000000e-001
  1.2000000e-001  5.8000000e-001  2.8000000e-001
  1.2000000e-001  6.4000000e-001  1.8000000e-001
  2.0000000e-002  8.4000000e-001  1.4000000e-001
  6.0000000e-002  6.6000000e-001  2.8000000e-001
  1.6000000e-001  4.4000000e-001  4.0000000e-001
  4.0000000e-002  7.8000000e-001  1.2000000e-001
  0.0000000e+000  7.6000000e-001  2.0000000e-001
  6.8000000e-001  2.8000000e-001  4.0000000e-002
  2.0000000e-002  7.8000000e-001  2.0000000e-001
  5.8000000e-001  2.0000000e-001  2.2000000e-001
  0.0000000e+000  9.0000000e-001  8.0000000e-002
  2.2000000e-001  5.6000000e-001  2.2000000e-001
  0.0000000e+000  8.8000000e-001  1.2000000e-001
  3.0000000e-001  4.6000000e-001  2.4000000e-001
  0.0000000e+000  8.4000000e-001  1.6000000e-001
  0.0000000e+000  8.0000000e-001  2.0000000e-001
  6.8000000e-001  2.2000000e-001  1.0000000e-001
  6.0000000e-002  5.6000000e-001  3.2000000e-001
  1.8000000e-001  3.0000000e-001  4.8000000e-001
  1.2000000e-001  4.6000000e-001  4.0000000e-001
  6.0000000e-002  5.8000000e-001  3.6000000e-001
  0.0000000e+000  8.0000000e-001  1.8000000e-001
  2.0000000e-002  7.8000000e-001  1.8000000e-001
  5.8000000e-001  3.6000000e-001  6.0000000e-002
  8.0000000e-001  8.0000000e-002  1.2000000e-001
  1.0000000e-001  6.8000000e-001  2.2000000e-001
  0.0000000e+000  7.4000000e-001  2.6000000e-001
  0.0000000e+000  8.2000000e-001  1.2000000e-001
  0.0000000e+000  8.4000000e-001  1.2000000e-001
  2.4000000e-001  5.2000000e-001  2.2000000e-001
  0.0000000e+000  8.6000000e-001  1.4000000e-001
  1.0000000e-001  7.2000000e-001  1.8000000e-001
  3.0000000e-001  3.8000000e-001  3.0000000e-001
  4.0000000e-001  3.8000000e-001  2.0000000e-001
  8.4000000e-001  1.2000000e-001  4.0000000e-002
  4.6000000e-001  2.2000000e-001  3.2000000e-001
  0.0000000e+000  7.8000000e-001  2.2000000e-001
  8.0000000e-001  4.0000000e-002  1.6000000e-001
  0.0000000e+000  8.0000000e-001  2.0000000e-001
  7.8000000e-001  1.8000000e-001  4.0000000e-002
  0.0000000e+000  8.6000000e-001  1.2000000e-001
  0.0000000e+000  8.4000000e-001  1.6000000e-001
  1.0000000e-001  7.2000000e-001  1.6000000e-001
  0.0000000e+000  8.2000000e-001  1.0000000e-001
  2.2000000e-001  5.0000000e-001  2.6000000e-001
  0.0000000e+000  6.0000000e-001  4.0000000e-001
  4.2000000e-001  3.4000000e-001  2.2000000e-001
  7.4000000e-001  2.0000000e-001  6.0000000e-002
  0.0000000e+000  6.6000000e-001  3.4000000e-001
  4.6000000e-001  3.0000000e-001  2.4000000e-001
  2.8000000e-001  4.4000000e-001  2.8000000e-001
  0.0000000e+000  6.4000000e-001  3.6000000e-001
  0.0000000e+000  7.2000000e-001  2.8000000e-001
  2.6000000e-001  6.2000000e-001  1.2000000e-001
  9.8000000e-001  0.0000000e+000  2.0000000e-002
  0.0000000e+000  9.2000000e-001  6.0000000e-002
  0.0000000e+000  8.2000000e-001  1.6000000e-001
  4.0000000e-002  5.2000000e-001  4.4000000e-001
  2.0000000e-002  8.2000000e-001  1.6000000e-001
  0.0000000e+000  7.2000000e-001  2.8000000e-001
  5.4000000e-001  3.4000000e-001  1.0000000e-001
  6.0000000e-002  7.2000000e-001  1.8000000e-001
  8.0000000e-002  7.0000000e-001  2.0000000e-001
  2.0000000e-002  7.8000000e-001  2.0000000e-001
  4.4000000e-001  3.4000000e-001  2.2000000e-001
  9.6000000e-001  4.0000000e-002  0.0000000e+000
  8.0000000e-002  7.0000000e-001  2.2000000e-001
  1.0000000e-001  7.2000000e-001  1.6000000e-001
  0.0000000e+000  8.6000000e-001  1.0000000e-001
  0.0000000e+000  8.4000000e-001  1.4000000e-001
  2.0000000e-002  7.4000000e-001  2.4000000e-001
  1.4000000e-001  6.4000000e-001  1.8000000e-001
  0.0000000e+000  8.2000000e-001  1.6000000e-001
  0.0000000e+000  7.6000000e-001  2.4000000e-001
  2.0000000e-002  6.6000000e-001  3.2000000e-001
  0.0000000e+000  8.8000000e-001  1.2000000e-001
  2.0000000e-002  6.8000000e-001  3.0000000e-001
  1.0000000e-001  7.0000000e-001  2.0000000e-001
  5.4000000e-001  2.8000000e-001  1.8000000e-001
  9.8000000e-001  0.0000000e+000  2.0000000e-002
  7.0000000e-001  1.6000000e-001  1.4000000e-001
  0.0000000e+000  7.4000000e-001  2.6000000e-001
  0.0000000e+000  8.4000000e-001  8.0000000e-002
  0.0000000e+000  6.4000000e-001  3.4000000e-001
  9.8000000e-001  0.0000000e+000  2.0000000e-002
  1.8000000e-001  6.6000000e-001  1.4000000e-001
  0.0000000e+000  7.6000000e-001  2.2000000e-001
  3.0000000e-001  3.2000000e-001  3.4000000e-001
  2.0000000e-002  6.6000000e-001  3.0000000e-001
  4.8000000e-001  3.2000000e-001  1.6000000e-001
  9.6000000e-001  4.0000000e-002  0.0000000e+000
  0.0000000e+000  4.6000000e-001  5.2000000e-001
  6.4000000e-001  2.0000000e-001  1.4000000e-001
  0.0000000e+000  6.8000000e-001  3.2000000e-001
  0.0000000e+000  6.4000000e-001  3.6000000e-001
  1.0000000e-001  5.8000000e-001  2.8000000e-001
  1.6000000e-001  2.6000000e-001  5.8000000e-001
  0.0000000e+000  5.4000000e-001  4.6000000e-001
  2.0000000e-002  5.2000000e-001  4.6000000e-001
  0.0000000e+000  8.8000000e-001  1.2000000e-001
  9.8000000e-001  2.0000000e-002  0.0000000e+000
  7.2000000e-001  1.0000000e-001  1.8000000e-001
  6.0000000e-002  7.0000000e-001  2.4000000e-001
  2.0000000e-002  7.0000000e-001  2.8000000e-001
  0.0000000e+000  8.0000000e-001  2.0000000e-001
  0.0000000e+000  7.8000000e-001  2.2000000e-001
  5.0000000e-001  2.2000000e-001  2.6000000e-001
  0.0000000e+000  8.0000000e-001  1.8000000e-001
  1.4000000e-001  5.8000000e-001  2.8000000e-001
  1.8000000e-001  6.6000000e-001  1.6000000e-001
  6.0000000e-002  7.6000000e-001  1.2000000e-001
  0.0000000e+000  8.2000000e-001  1.6000000e-001
  6.6000000e-001  2.8000000e-001  6.0000000e-002
  5.8000000e-001  3.4000000e-001  8.0000000e-002
  0.0000000e+000  7.0000000e-001  3.0000000e-001
  6.0000000e-002  7.6000000e-001  1.6000000e-001
  1.0000000e-001  3.6000000e-001  5.2000000e-001
  0.0000000e+000  5.6000000e-001  4.2000000e-001
  0.0000000e+000  6.8000000e-001  3.2000000e-001
  5.2000000e-001  3.4000000e-001  1.4000000e-001
  0.0000000e+000  7.8000000e-001  2.2000000e-001
  3.0000000e-001  6.8000000e-001  2.0000000e-002
  0.0000000e+000  8.2000000e-001  1.6000000e-001
  8.4000000e-001  1.4000000e-001  2.0000000e-002
  2.0000000e-001  4.8000000e-001  3.2000000e-001
  0.0000000e+000  8.2000000e-001  1.8000000e-001
  5.8000000e-001  3.0000000e-001  1.2000000e-001
  0.0000000e+000  8.6000000e-001  4.0000000e-002
  3.2000000e-001  5.6000000e-001  6.0000000e-002
  1.4000000e-001  7.0000000e-001  1.0000000e-001
  6.0000000e-002  6.0000000e-001  3.4000000e-001
  4.0000000e-002  7.4000000e-001  1.8000000e-001
  3.6000000e-001  4.0000000e-001  2.4000000e-001
  0.0000000e+000  9.0000000e-001  8.0000000e-002
  1.8000000e-001  5.6000000e-001  2.2000000e-001
  0.0000000e+000  8.0000000e-001  1.8000000e-001
  0.0000000e+000  6.8000000e-001  3.2000000e-001
  8.0000000e-002  8.0000000e-001  1.0000000e-001
  0.0000000e+000  8.0000000e-001  2.0000000e-001
  1.2000000e-001  7.2000000e-001  1.4000000e-001
  7.2000000e-001  2.0000000e-001  8.0000000e-002
  0.0000000e+000  7.2000000e-001  2.8000000e-001
  0.0000000e+000  8.6000000e-001  1.2000000e-001
  0.0000000e+000  5.8000000e-001  4.0000000e-001
  0.0000000e+000  8.4000000e-001  1.6000000e-001
  6.2000000e-001  2.2000000e-001  1.6000000e-001
  2.8000000e-001  4.4000000e-001  2.8000000e-001
  4.0000000e-002  8.0000000e-001  1.6000000e-001
  0.0000000e+000  7.4000000e-001  2.6000000e-001
  2.0000000e-002  6.8000000e-001  3.0000000e-001
  3.8000000e-001  3.4000000e-001  2.6000000e-001
  3.2000000e-001  3.6000000e-001  3.0000000e-001
  0.0000000e+000  7.4000000e-001  2.6000000e-001
  2.6000000e-001  4.0000000e-001  3.2000000e-001
  0.0000000e+000  7.8000000e-001  2.0000000e-001
  7.0000000e-001  2.2000000e-001  8.0000000e-002
  5.0000000e-001  3.8000000e-001  1.2000000e-001
  2.8000000e-001  5.8000000e-001  1.2000000e-001
  3.8000000e-001  5.2000000e-001  1.0000000e-001
  0.0000000e+000  8.2000000e-001  8.0000000e-002
  0.0000000e+000  9.0000000e-001  1.0000000e-001
  2.0000000e-002  7.8000000e-001  2.0000000e-001
  0.0000000e+000  6.0000000e-001  4.0000000e-001
  0.0000000e+000  7.2000000e-001  2.8000000e-001
  0.0000000e+000  8.2000000e-001  1.8000000e-001
  4.0000000e-002  6.6000000e-001  2.8000000e-001
  6.4000000e-001  1.4000000e-001  2.2000000e-001
  7.8000000e-001  6.0000000e-002  1.6000000e-001
  0.0000000e+000  8.0000000e-001  2.0000000e-001
  0.0000000e+000  8.0000000e-001  1.6000000e-001
  3.2000000e-001  5.0000000e-001  1.6000000e-001
  3.6000000e-001  4.2000000e-001  2.2000000e-001
  0.0000000e+000  9.6000000e-001  4.0000000e-002
  1.0000000e-001  5.4000000e-001  3.6000000e-001
  3.2000000e-001  6.0000000e-001  8.0000000e-002
  8.0000000e-002  5.4000000e-001  3.8000000e-001
  0.0000000e+000  8.2000000e-001  1.8000000e-001
  0.0000000e+000  8.2000000e-001  1.6000000e-001
  1.0000000e-001  7.0000000e-001  1.8000000e-001
  0.0000000e+000  5.8000000e-001  4.2000000e-001
  0.0000000e+000  8.6000000e-001  1.2000000e-001
  0.0000000e+000  7.8000000e-001  2.2000000e-001
  0.0000000e+000  7.4000000e-001  2.6000000e-001
  2.0000000e-002  7.4000000e-001  2.4000000e-001
  2.0000000e-002  7.4000000e-001  2.4000000e-001
  5.0000000e-001  3.6000000e-001  1.4000000e-001
  2.0000000e-002  6.6000000e-001  3.2000000e-001
  0.0000000e+000  7.6000000e-001  2.4000000e-001
  0.0000000e+000  6.4000000e-001  3.6000000e-001
  2.6000000e-001  5.2000000e-001  2.0000000e-001
  3.6000000e-001  5.2000000e-001  1.2000000e-001
  0.0000000e+000  8.0000000e-001  2.0000000e-001
  1.0000000e-001  4.8000000e-001  4.2000000e-001
  2.8000000e-001  5.2000000e-001  1.6000000e-001
  0.0000000e+000  7.4000000e-001  2.6000000e-001
  0.0000000e+000  7.0000000e-001  3.0000000e-001
  4.0000000e-002  6.4000000e-001  3.2000000e-001
  7.6000000e-001  1.2000000e-001  1.2000000e-001
  5.4000000e-001  2.4000000e-001  2.2000000e-001
  4.4000000e-001  3.6000000e-001  2.0000000e-001
  0.0000000e+000  7.6000000e-001  2.4000000e-001
  2.0000000e-002  6.8000000e-001  2.8000000e-001
  0.0000000e+000  8.4000000e-001  1.6000000e-001
  2.0000000e-002  7.6000000e-001  2.0000000e-001
  0.0000000e+000  7.6000000e-001  2.4000000e-001
  4.0000000e-002  7.4000000e-001  2.2000000e-001
  4.2000000e-001  4.0000000e-001  1.8000000e-001
  5.0000000e-001  3.6000000e-001  1.4000000e-001
  3.4000000e-001  3.2000000e-001  3.4000000e-001
  6.0000000e-002  6.8000000e-001  2.6000000e-001
  1.0000000e-001  5.0000000e-001  4.0000000e-001
  7.8000000e-001  1.4000000e-001  8.0000000e-002
  4.0000000e-002  6.8000000e-001  2.8000000e-001
  1.8000000e-001  4.6000000e-001  3.6000000e-001
  6.0000000e-001  3.2000000e-001  8.0000000e-002
  0.0000000e+000  6.0000000e-001  4.0000000e-001
  1.4000000e-001  5.0000000e-001  3.6000000e-001
  8.8000000e-001  4.0000000e-002  8.0000000e-002
  4.0000000e-002  6.6000000e-001  3.0000000e-001
  6.4000000e-001  2.2000000e-001  1.4000000e-001
  9.4000000e-001  4.0000000e-002  2.0000000e-002
  4.0000000e-002  5.2000000e-001  4.2000000e-001
  1.0000000e-001  6.6000000e-001  2.2000000e-001
  1.2000000e-001  7.0000000e-001  1.8000000e-001
  4.0000000e-002  8.2000000e-001  1.4000000e-001
  0.0000000e+000  8.2000000e-001  1.2000000e-001
  2.0000000e-002  5.4000000e-001  4.4000000e-001
  3.4000000e-001  4.4000000e-001  2.2000000e-001
  7.8000000e-001  1.2000000e-001  1.0000000e-001
  2.0000000e-002  9.0000000e-001  8.0000000e-002
  2.0000000e-002  7.8000000e-001  2.0000000e-001
  1.4000000e-001  6.4000000e-001  2.2000000e-001
  0.0000000e+000  7.6000000e-001  2.4000000e-001
  0.0000000e+000  7.0000000e-001  3.0000000e-001
  0.0000000e+000  7.0000000e-001  3.0000000e-001
  0.0000000e+000  7.4000000e-001  2.6000000e-001
  6.0000000e-002  6.6000000e-001  2.8000000e-001
  4.0000000e-002  6.8000000e-001  2.8000000e-001
  2.0000000e-002  8.2000000e-001  1.6000000e-001
  0.0000000e+000  7.8000000e-001  2.2000000e-001
  0.0000000e+000  9.0000000e-001  4.0000000e-002
  0.0000000e+000  7.6000000e-001  2.2000000e-001
  6.0000000e-002  8.4000000e-001  1.0000000e-001
  0.0000000e+000  7.8000000e-001  2.2000000e-001
  2.0000000e-002  6.4000000e-001  3.4000000e-001
  6.0000000e-001  2.2000000e-001  1.6000000e-001
  0.0000000e+000  7.6000000e-001  2.4000000e-001
  0.0000000e+000  8.2000000e-001  1.8000000e-001
  0.0000000e+000  8.0000000e-001  2.0000000e-001
  0.0000000e+000  6.8000000e-001  3.2000000e-001
  4.4000000e-001  3.8000000e-001  1.8000000e-001
  8.2000000e-001  1.2000000e-001  0.0000000e+000
  4.6000000e-001  4.4000000e-001  6.0000000e-002
  0.0000000e+000  7.6000000e-001  1.4000000e-001
  0.0000000e+000  8.4000000e-001  1.6000000e-001
  2.8000000e-001  6.0000000e-001  1.2000000e-001
  2.0000000e-001  6.2000000e-001  1.8000000e-001
  0.0000000e+000  4.8000000e-001  5.0000000e-001
  0.0000000e+000  7.4000000e-001  2.6000000e-001
  3.6000000e-001  4.4000000e-001  1.6000000e-001
  0.0000000e+000  7.0000000e-001  3.0000000e-001
  1.2000000e-001  6.4000000e-001  2.4000000e-001
  0.0000000e+000  8.4000000e-001  1.6000000e-001
  4.0000000e-002  6.8000000e-001  2.8000000e-001
  0.0000000e+000  8.0000000e-001  2.0000000e-001
  0.0000000e+000  7.0000000e-001  3.0000000e-001
  0.0000000e+000  7.0000000e-001  3.0000000e-001
  1.4000000e-001  4.6000000e-001  4.0000000e-001
  0.0000000e+000  7.8000000e-001  2.2000000e-001
  3.8000000e-001  4.2000000e-001  1.8000000e-001
  2.0000000e-002  9.0000000e-001  8.0000000e-002
  4.0000000e-001  2.8000000e-001  3.0000000e-001
  0.0000000e+000  8.6000000e-001  1.4000000e-001
  6.0000000e-002  8.0000000e-001  6.0000000e-002
  9.8000000e-001  0.0000000e+000  2.0000000e-002
  7.6000000e-001  1.0000000e-001  1.4000000e-001
  0.0000000e+000  8.2000000e-001  1.4000000e-001
  0.0000000e+000  7.0000000e-001  2.8000000e-001
  1.4000000e-001  5.2000000e-001  3.4000000e-001
  1.2000000e-001  6.0000000e-001  2.8000000e-001
  4.0000000e-002  4.2000000e-001  5.2000000e-001
  0.0000000e+000  8.4000000e-001  1.6000000e-001
  5.2000000e-001  3.6000000e-001  1.2000000e-001
  0.0000000e+000  9.2000000e-001  8.0000000e-002
  2.0000000e-002  6.4000000e-001  3.4000000e-001
  4.0000000e-002  7.2000000e-001  2.4000000e-001
  0.0000000e+000  7.2000000e-001  2.8000000e-001
  3.8000000e-001  4.0000000e-001  1.8000000e-001
  6.0000000e-002  5.4000000e-001  4.0000000e-001
  0.0000000e+000  8.0000000e-001  2.0000000e-001
  1.2000000e-001  5.8000000e-001  2.8000000e-001
  2.0000000e-002  6.8000000e-001  3.0000000e-001
  4.0000000e-002  8.0000000e-001  1.4000000e-001
  0.0000000e+000  8.0000000e-001  1.8000000e-001
  0.0000000e+000  8.8000000e-001  6.0000000e-002
  4.0000000e-002  5.4000000e-001  4.2000000e-001
  1.8000000e-001  4.0000000e-001  4.0000000e-001
  0.0000000e+000  7.4000000e-001  2.6000000e-001
  3.8000000e-001  3.0000000e-001  3.2000000e-001
  2.4000000e-001  5.0000000e-001  2.6000000e-001
  0.0000000e+000  8.2000000e-001  1.4000000e-001
  5.8000000e-001  1.6000000e-001  2.6000000e-001
  0.0000000e+000  8.2000000e-001  1.8000000e-001
  2.2000000e-001  6.0000000e-001  1.0000000e-001
  0.0000000e+000  7.0000000e-001  3.0000000e-001
  5.0000000e-001  2.0000000e-001  3.0000000e-001
