  2.6800000e-001  4.7200000e-001  2.5800000e-001
  4.0000000e-003  6.6600000e-001  3.2000000e-001
  1.4600000e-001  4.7600000e-001  3.7000000e-001
  3.6200000e-001  4.3000000e-001  2.0200000e-001
  5.0000000e-002  7.5200000e-001  1.4800000e-001
  3.7600000e-001  3.1200000e-001  3.0600000e-001
  0.0000000e+000  8.4600000e-001  1.2600000e-001
  6.7400000e-001  1.5000000e-001  1.7400000e-001
  3.2000000e-002  5.2600000e-001  4.3600000e-001
  1.0000000e-002  7.8600000e-001  2.0000000e-001
  8.0000000e-002  6.2000000e-001  2.9400000e-001
  3.4000000e-002  7.1800000e-001  2.4600000e-001
  0.0000000e+000  8.4000000e-001  1.3200000e-001
  2.1200000e-001  4.6800000e-001  3.0800000e-001
  0.0000000e+000  8.5600000e-001  1.1000000e-001
  3.5400000e-001  4.0600000e-001  2.2400000e-001
  3.3400000e-001  3.5400000e-001  3.0800000e-001
  0.0000000e+000  8.6800000e-001  1.1400000e-001
  4.0000000e-003  8.1400000e-001  6.6000000e-002
  5.5800000e-001  2.7400000e-001  1.6400000e-001
  4.8200000e-001  4.0600000e-001  1.0200000e-001
  0.0000000e+000  6.9000000e-001  3.1000000e-001
  2.0000000e-003  8.0600000e-001  1.7000000e-001
  6.0000000e-003  7.6400000e-001  2.3000000e-001
  4.0000000e-003  8.2400000e-001  1.6200000e-001
  2.0000000e-003  8.1600000e-001  1.7600000e-001
  3.7400000e-001  4.8800000e-001  9.6000000e-002
  4.6000000e-002  6.6000000e-001  2.8600000e-001
  2.0000000e-003  8.1400000e-001  1.8200000e-001
  5.7800000e-001  3.0400000e-001  1.1400000e-001
  9.8000000e-001  6.0000000e-003  1.0000000e-002
  1.8000000e-002  7.1400000e-001  2.6200000e-001
  3.2200000e-001  4.1800000e-001  2.5200000e-001
  0.0000000e+000  8.6600000e-001  8.6000000e-002
  8.6800000e-001  5.6000000e-002  7.4000000e-002
  4.0000000e-003  7.8200000e-001  2.0600000e-001
  6.0000000e-003  6.7400000e-001  3.1000000e-001
  4.2600000e-001  3.3600000e-001  2.3200000e-001
  5.4400000e-001  3.6800000e-001  5.4000000e-002
  1.1600000e-001  6.6800000e-001  2.0600000e-001
  0.0000000e+000  7.4800000e-001  2.5000000e-001
  2.0000000e-003  7.2600000e-001  2.6800000e-001
  0.0000000e+000  7.9600000e-001  1.8800000e-001
  2.0000000e-003  8.4600000e-001  1.3200000e-001
  2.0000000e-003  7.5200000e-001  2.4400000e-001
  4.1200000e-001  3.2800000e-001  2.5200000e-001
  2.0000000e-003  8.5600000e-001  1.3800000e-001
  2.0000000e-002  6.6200000e-001  3.1200000e-001
  3.2200000e-001  5.3000000e-001  1.1800000e-001
  6.2800000e-001  2.4400000e-001  1.2800000e-001
  6.0000000e-003  6.4800000e-001  3.3800000e-001
  4.4800000e-001  3.7400000e-001  1.7400000e-001
  9.4000000e-002  5.0800000e-001  3.9200000e-001
  2.9800000e-001  4.7600000e-001  2.0400000e-001
  6.4400000e-001  2.1000000e-001  1.4400000e-001
  9.0400000e-001  4.8000000e-002  4.8000000e-002
  2.0000000e-003  6.8400000e-001  3.1200000e-001
  9.5600000e-001  3.4000000e-002  1.0000000e-002
  2.0000000e-003  7.8200000e-001  2.1200000e-001
  3.5000000e-001  4.6200000e-001  1.7200000e-001
  3.6200000e-001  4.0400000e-001  2.2600000e-001
  7.0000000e-002  7.2600000e-001  1.9000000e-001
  2.0000000e-003  8.3400000e-001  1.6000000e-001
  1.6000000e-002  8.1600000e-001  1.5800000e-001
  1.5400000e-001  6.8400000e-001  1.3200000e-001
  6.8000000e-002  6.8400000e-001  2.4400000e-001
  7.4000000e-002  6.5800000e-001  2.5000000e-001
  0.0000000e+000  7.8600000e-001  2.0600000e-001
  1.0400000e-001  6.9200000e-001  1.9600000e-001
  6.1200000e-001  2.3000000e-001  1.4800000e-001
  0.0000000e+000  8.6000000e-001  1.2800000e-001
  4.9600000e-001  2.3800000e-001  2.6000000e-001
  2.0000000e-003  6.5400000e-001  3.4000000e-001
  1.2400000e-001  6.8200000e-001  1.8400000e-001
  1.6600000e-001  5.7400000e-001  2.5600000e-001
  0.0000000e+000  7.6000000e-001  2.4000000e-001
  8.6000000e-002  6.4000000e-001  2.5600000e-001
  5.4400000e-001  2.0000000e-001  2.5200000e-001
  5.6800000e-001  2.4000000e-001  1.7800000e-001
  3.2000000e-002  7.9800000e-001  1.4000000e-001
  2.0600000e-001  5.7800000e-001  2.1400000e-001
  2.0000000e-003  7.5200000e-001  2.4200000e-001
  6.0000000e-003  7.9400000e-001  1.9000000e-001
  8.0000000e-003  8.3600000e-001  1.2800000e-001
  9.9400000e-001  4.0000000e-003  2.0000000e-003
  6.0000000e-003  7.8000000e-001  2.0000000e-001
  1.9000000e-001  5.4600000e-001  2.6200000e-001
  1.1800000e-001  5.8600000e-001  2.8400000e-001
  9.6000000e-002  6.4000000e-001  2.5600000e-001
  3.5600000e-001  3.8000000e-001  2.6400000e-001
  4.8000000e-002  6.8800000e-001  2.5800000e-001
  4.0000000e-003  8.3800000e-001  1.3200000e-001
  0.0000000e+000  8.4000000e-001  1.2800000e-001
  8.0000000e-002  5.8200000e-001  3.3200000e-001
  4.0200000e-001  3.1000000e-001  2.8400000e-001
  7.8000000e-002  6.9000000e-001  2.2400000e-001
  2.5600000e-001  5.3600000e-001  1.9800000e-001
  8.4800000e-001  9.2000000e-002  5.6000000e-002
  3.3800000e-001  5.1400000e-001  1.4200000e-001
  4.6600000e-001  2.6800000e-001  2.6000000e-001
  4.4200000e-001  3.7600000e-001  1.6600000e-001
  1.2000000e-002  7.8200000e-001  2.0000000e-001
  1.0000000e-002  6.4600000e-001  3.4000000e-001
  2.0000000e-003  7.3600000e-001  2.5200000e-001
  0.0000000e+000  7.1400000e-001  2.8400000e-001
  4.6800000e-001  3.2200000e-001  1.9600000e-001
  3.6800000e-001  4.8400000e-001  1.4000000e-001
  0.0000000e+000  6.7200000e-001  3.2400000e-001
  4.0000000e-003  6.5800000e-001  3.3800000e-001
  3.2200000e-001  3.9000000e-001  2.8000000e-001
  2.7000000e-001  4.6000000e-001  2.6400000e-001
  3.0400000e-001  3.3200000e-001  3.6200000e-001
  4.0000000e-003  8.0400000e-001  1.7800000e-001
  1.4000000e-002  6.6400000e-001  3.2200000e-001
  3.4000000e-001  4.3800000e-001  2.2000000e-001
  0.0000000e+000  7.8400000e-001  2.0600000e-001
  2.2000000e-002  7.2800000e-001  2.4600000e-001
  0.0000000e+000  7.5800000e-001  2.3800000e-001
  0.0000000e+000  7.1400000e-001  2.8200000e-001
  3.7000000e-001  4.5200000e-001  1.7200000e-001
  4.0000000e-003  7.2400000e-001  2.7000000e-001
  3.8000000e-002  7.4400000e-001  2.0200000e-001
  4.0800000e-001  3.2600000e-001  2.5800000e-001
  2.6000000e-001  3.7000000e-001  3.6000000e-001
  4.0000000e-002  8.1400000e-001  1.2400000e-001
  0.0000000e+000  8.1600000e-001  1.7600000e-001
  1.3200000e-001  5.4400000e-001  3.2000000e-001
  8.2000000e-002  7.4600000e-001  1.4000000e-001
  8.0000000e-003  8.2000000e-001  1.6600000e-001
  6.9600000e-001  1.7000000e-001  1.3400000e-001
  8.0000000e-003  8.2800000e-001  8.0000000e-002
  3.4000000e-001  5.0200000e-001  1.5200000e-001
  4.1600000e-001  3.1000000e-001  2.7000000e-001
  0.0000000e+000  8.1000000e-001  1.8000000e-001
  2.6000000e-002  6.4400000e-001  3.2600000e-001
  4.6000000e-002  7.9800000e-001  1.5000000e-001
  8.0000000e-003  7.2200000e-001  2.6200000e-001
  6.2400000e-001  2.4800000e-001  1.2600000e-001
  2.0000000e-003  6.9000000e-001  3.0600000e-001
  2.0000000e-002  5.5200000e-001  4.2000000e-001
  2.0000000e-003  8.3600000e-001  1.3600000e-001
  2.8600000e-001  3.3200000e-001  3.6200000e-001
  2.0000000e-002  8.3600000e-001  1.2200000e-001
  3.9200000e-001  4.6000000e-001  1.2400000e-001
  6.0000000e-003  7.1800000e-001  2.7400000e-001
  1.6000000e-002  7.2600000e-001  2.5000000e-001
  0.0000000e+000  7.8200000e-001  2.0600000e-001
  4.0000000e-003  7.8600000e-001  2.0400000e-001
  2.0000000e-003  7.4600000e-001  2.4800000e-001
