  2.9486500e-001  5.4092510e+000  1.7657360e+000  4.1480000e-003  1.1057000e-002
  1.6945100e-001  5.8346330e+000  2.9560880e+000  4.1390000e-003  5.5030000e-003
  1.3354100e-001  2.2727890e+000  1.8931820e+000  4.8450000e-003  1.8160000e-003
  3.7981800e-001  2.7210870e+000  1.3926710e+000  4.5260000e-003  9.1340000e-003
  3.1647100e-001  1.8833840e+000  2.5995980e+000  1.2203000e-002  7.6910000e-003
  3.7772100e-001  8.4815000e-002  1.1753850e+000  3.6460000e-003  6.8270000e-003
  1.2543500e-001  3.7708720e+000  3.1370010e+000  1.2026000e-002  3.7000000e-004
  1.2208400e-001  2.4072170e+000  1.0898770e+000  3.6230000e-003  3.3050000e-003
  1.9822800e-001  1.4385860e+000  2.3751560e+000  3.0140000e-003  1.3750000e-003
  3.5959600e-001  3.0219820e+000  2.8798990e+000  5.0670000e-003  1.2460000e-002
  2.9375200e-001  4.7286990e+000  2.3652180e+000  6.1440000e-003  3.4540000e-003
  2.5418200e-001  1.4612560e+000  2.4290500e+000  6.0760000e-003  7.5320000e-003
  1.3497900e-001  3.4881450e+000  3.3668700e+000  1.1124000e-002  1.7090000e-003
  7.7693000e-002  3.7334330e+000  1.8922720e+000  7.4880000e-003  1.6540000e-003
  3.4175400e-001  3.1375800e-001  3.2853350e+000  1.0740000e-002  6.1490000e-003
  2.7686900e-001  5.4540500e-001  1.7688960e+000  7.6390000e-003  2.9880000e-003
  1.2226500e-001  4.8682980e+000  1.5072240e+000  3.8740000e-003  7.6370000e-003
  9.7934000e-002  5.7677440e+000  3.4110860e+000  9.4470000e-003  1.0732000e-002
  3.8322500e-001  1.7247490e+000  3.1394180e+000  1.5659000e-002  2.6950000e-003
  3.0754800e-001  3.3613920e+000  1.1191220e+000  6.7500000e-003  8.2970000e-003
  3.5965900e-001  3.8917550e+000  1.6499090e+000  1.1817000e-002  9.0660000e-003
  2.0063700e-001  3.3900630e+000  3.2206710e+000  3.5520000e-003  3.4080000e-003
  2.6737600e-001  2.8298000e-002  3.4328140e+000  9.1640000e-003  7.5230000e-003
  1.9587500e-001  3.2903930e+000  2.7753670e+000  6.5270000e-003  5.3600000e-003
  1.9086000e-001  4.8178570e+000  2.9390720e+000  9.8470000e-003  5.3830000e-003
  2.8439800e-001  2.4971230e+000  3.0941530e+000  7.5880000e-003  7.3560000e-003
  2.2750200e-001  3.5169670e+000  1.9865750e+000  1.3747000e-002  2.5170000e-003
  3.8107300e-001  4.2351550e+000  2.6141000e+000  3.9130000e-003  6.3610000e-003
  2.1986000e-001  2.0246610e+000  3.0074780e+000  9.4350000e-003  1.8230000e-003
  3.6954300e-001  1.9463160e+000  1.4554230e+000  1.2232000e-002  2.2330000e-003
  1.7736100e-001  3.4878660e+000  8.9761800e-001  1.3312000e-002  1.6810000e-003
  3.5214200e-001  1.9941700e+000  2.6848230e+000  5.1480000e-003  6.1450000e-003
  1.8309800e-001  1.5506520e+000  1.6277020e+000  5.7830000e-003  6.1690000e-003
  3.5410000e-001  2.1750160e+000  3.2402740e+000  1.4018000e-002  2.4150000e-003
  2.5118900e-001  3.4570110e+000  1.1355200e-001  3.2910000e-003  4.9580000e-003
  3.5239200e-001  5.9445180e+000  3.2177820e+000  7.1980000e-003  5.0510000e-003
  2.8163900e-001  2.7593100e-001  2.7162640e+000  5.4760000e-003  3.0600000e-004
  3.8719400e-001  3.2411240e+000  1.2235120e+000  6.0340000e-003  5.4860000e-003
  3.1535700e-001  1.6009260e+000  1.7140870e+000  1.6951000e-002  7.0250000e-003
  3.0035200e-001  5.2119460e+000  2.2096840e+000  7.1360000e-003  3.4810000e-003
  2.6844600e-001  5.2413460e+000  3.4015950e+000  4.9800000e-003  4.9810000e-003
  2.9360300e-001  3.3131260e+000  3.3917970e+000  5.3700000e-003  4.2530000e-003
  2.3004300e-001  1.1172720e+000  3.4524060e+000  7.7200000e-003  4.9690000e-003
  3.6457100e-001  4.5501150e+000  3.4494620e+000  1.0482000e-002  6.4900000e-003
  2.9894400e-001  4.4271890e+000  2.9503850e+000  6.5760000e-003  1.9350000e-003
  3.7506300e-001  2.6584600e+000  9.2642200e-001  3.2810000e-003  1.0978000e-002
  3.9680000e-002  8.8786700e-001  2.8151620e+000  9.3960000e-003  5.4330000e-003
  1.2544900e-001  5.8231880e+000  2.3469700e+000  4.3710000e-003  6.6310000e-003
  2.3433400e-001  2.7636540e+000  2.0479430e+000  1.3763000e-002  3.3070000e-003
  3.1402500e-001  2.5156620e+000  1.0065410e+000  7.2270000e-003  9.3080000e-003
  3.9014600e-001  3.2502510e+000  3.4153690e+000  3.2360000e-003  7.0770000e-003
  2.4111000e-001  5.6126600e-001  1.3996010e+000  6.0730000e-003  7.9610000e-003
  3.7089400e-001  1.4544960e+000  2.4295050e+000  3.4170000e-003  2.8170000e-003
  1.7372400e-001  4.8380720e+000  1.8407320e+000  8.3680000e-003  6.6520000e-003
  1.8351100e-001  3.2338410e+000  1.2982360e+000  7.6520000e-003  5.6690000e-003
  2.5631100e-001  2.8112400e-001  6.4250400e-001  6.3210000e-003  2.9430000e-003
  1.1158200e-001  4.5604000e+000  2.6557850e+000  5.1020000e-003  2.2260000e-003
  1.9511200e-001  6.0331820e+000  5.8166300e-001  7.8650000e-003  1.0303000e-002
  2.7705200e-001  5.1500700e+000  2.8443070e+000  5.6730000e-003  7.7140000e-003
  1.7146300e-001  3.0835700e+000  1.8440810e+000  9.7410000e-003  3.3090000e-003
  1.5925400e-001  2.9402690e+000  1.6871710e+000  7.1910000e-003  7.2420000e-003
  3.2015100e-001  3.3334300e-001  2.5245830e+000  8.0900000e-003  7.4040000e-003
  2.0405000e-001  6.0929740e+000  3.2036690e+000  7.8780000e-003  6.5070000e-003
  3.7818000e-001  6.0076520e+000  2.9121030e+000  7.1620000e-003  1.1039000e-002
  3.7369500e-001  2.0015730e+000  2.4188130e+000  1.1346000e-002  1.4900000e-003
  3.5514800e-001  1.1859100e+000  2.4540170e+000  5.3020000e-003  6.6030000e-003
  5.3869000e-002  3.4728770e+000  2.0847640e+000  7.8550000e-003  5.9930000e-003
  1.7912000e-001  2.2959700e-001  3.3469230e+000  7.2720000e-003  5.7450000e-003
  2.6092000e-001  3.5195620e+000  2.3444120e+000  9.2090000e-003  3.5970000e-003
  1.8792900e-001  5.2743890e+000  1.2329440e+000  6.4920000e-003  9.8250000e-003
  1.5009100e-001  4.4606100e-001  3.4756080e+000  6.7240000e-003  1.4119000e-002
  2.4089100e-001  9.8982800e-001  1.3362960e+000  4.2390000e-003  2.6170000e-003
  2.8662300e-001  2.5172700e-001  3.2981980e+000  3.3840000e-003  4.8720000e-003
  3.9144800e-001  2.1650430e+000  2.3398090e+000  5.6920000e-003  1.2109000e-002
  3.0046400e-001  1.2540300e-001  2.0227380e+000  4.9960000e-003  5.7050000e-003
  1.6703700e-001  2.4115440e+000  2.9754980e+000  6.6530000e-003  4.7100000e-003
  2.2220900e-001  5.4187880e+000  2.2139450e+000  7.4810000e-003  5.4980000e-003
  2.3390300e-001  5.6237760e+000  9.6909800e-001  3.1940000e-003  4.0690000e-003
  2.5840000e-002  3.2321590e+000  1.4350810e+000  7.2010000e-003  6.2620000e-003
  2.3915500e-001  3.2154260e+000  2.5083850e+000  1.0376000e-002  6.8370000e-003
  2.2388100e-001  5.8398080e+000  1.9445770e+000  7.4200000e-003  7.9890000e-003
  2.3458900e-001  2.6749590e+000  3.0966550e+000  6.2790000e-003  5.5210000e-003
  3.7166900e-001  1.2910850e+000  3.1579150e+000  8.2610000e-003  5.7960000e-003
  3.4638400e-001  2.7481050e+000  2.8636330e+000  1.1224000e-002  2.9720000e-003
  1.9115900e-001  2.7256790e+000  4.2107300e-001  9.7920000e-003  2.4070000e-003
  3.4122400e-001  4.4059680e+000  3.2011960e+000  8.4450000e-003  2.8790000e-003
  3.5213600e-001  6.6443900e-001  2.0019140e+000  5.4380000e-003  8.4000000e-003
  3.5950100e-001  4.5652900e-001  2.3466240e+000  6.0400000e-003  3.1410000e-003
  2.8274700e-001  1.4252280e+000  2.2214170e+000  5.7540000e-003  6.1320000e-003
  3.7850400e-001  8.9448000e-001  1.7276640e+000  3.7910000e-003  1.8500000e-003
  1.7460900e-001  6.0659270e+000  2.3183120e+000  5.0570000e-003  1.0179000e-002
  2.9302100e-001  1.4452610e+000  3.0726710e+000  1.1243000e-002  5.9000000e-003
  2.0577300e-001  5.1889770e+000  3.0535590e+000  1.1801000e-002  4.9090000e-003
  3.9025100e-001  2.5919310e+000  2.5708110e+000  4.2450000e-003  2.7590000e-003
  2.5046700e-001  1.9033400e-001  1.3797060e+000  5.1960000e-003  5.6010000e-003
  3.5876900e-001  1.8325740e+000  2.4910110e+000  5.8570000e-003  8.9990000e-003
  3.7845400e-001  1.7331670e+000  2.2258600e+000  7.1980000e-003  1.3560000e-003
  3.4367000e-001  3.2535170e+000  6.1376800e-001  8.3130000e-003  7.5360000e-003
  3.6535200e-001  5.8392250e+000  1.9164340e+000  1.0469000e-002  4.7380000e-003
  2.9908300e-001  8.7506400e-001  1.1256900e+000  2.2020000e-003  1.0720000e-003
  3.1144700e-001  6.0807370e+000  1.4653470e+000  7.9360000e-003  6.9330000e-003
  3.0101800e-001  4.1356200e-001  2.9485040e+000  7.0650000e-003  7.1580000e-003
  3.0767800e-001  1.1629250e+000  3.0888200e+000  3.3840000e-003  5.2390000e-003
  3.2236200e-001  2.0961610e+000  3.2018730e+000  7.0200000e-003  5.7760000e-003
  3.0317300e-001  4.3262950e+000  3.4768020e+000  4.7900000e-003  3.6190000e-003
  2.1606700e-001  1.3021080e+000  1.5054960e+000  7.3810000e-003  5.4820000e-003
  3.4893200e-001  5.9255630e+000  1.7155250e+000  1.0205000e-002  9.4200000e-003
  2.7162300e-001  5.9507440e+000  3.4202900e+000  3.5230000e-003  2.4700000e-003
  3.8474600e-001  6.0470940e+000  3.3606010e+000  4.0420000e-003  1.9500000e-003
  3.1711900e-001  6.0473000e-002  1.5268790e+000  5.1150000e-003  4.4660000e-003
  3.1299900e-001  4.0133390e+000  1.8304000e+000  3.6750000e-003  1.0119000e-002
  3.0814600e-001  2.4119270e+000  1.6577140e+000  2.6980000e-003  1.4980000e-003
  2.6247000e-001  2.5509210e+000  3.1703100e+000  7.6010000e-003  8.4770000e-003
  3.8871700e-001  2.9968570e+000  3.0726480e+000  3.6000000e-003  5.6970000e-003
  3.2662500e-001  3.9749810e+000  1.6458150e+000  5.0900000e-003  8.3950000e-003
  2.1450000e-001  2.9293810e+000  3.1022090e+000  7.6010000e-003  5.9610000e-003
  3.8735400e-001  1.2650000e+000  2.7320090e+000  6.7240000e-003  5.6100000e-003
  1.4158600e-001  5.6631530e+000  3.0336890e+000  6.1500000e-003  2.7410000e-003
  1.2062100e-001  8.5613400e-001  2.8530150e+000  4.9220000e-003  4.3810000e-003
  2.9112700e-001  2.8625640e+000  1.7126090e+000  8.1450000e-003  3.1060000e-003
  3.1404900e-001  4.2643570e+000  2.9284180e+000  5.4630000e-003  2.8610000e-003
  3.1570300e-001  3.5136850e+000  2.5162580e+000  8.3130000e-003  1.0319000e-002
  9.2285000e-002  3.5044100e-001  1.4673050e+000  4.9570000e-003  6.7680000e-003
  3.3962600e-001  4.4841470e+000  1.7486210e+000  2.1050000e-003  5.5740000e-003
  3.8114600e-001  1.6496280e+000  2.6995490e+000  1.1401000e-002  3.1190000e-003
  1.2796600e-001  2.1269410e+000  3.1888500e+000  7.9970000e-003  8.6170000e-003
  3.4853900e-001  5.8575920e+000  2.2238210e+000  4.4740000e-003  3.8520000e-003
  2.1501900e-001  2.4638370e+000  2.3701060e+000  1.2561000e-002  4.8690000e-003
  2.0481900e-001  3.7825150e+000  2.8224150e+000  8.4640000e-003  8.6680000e-003
  1.6944000e-001  5.3743020e+000  1.0439360e+000  5.2540000e-003  1.1371000e-002
  1.9927500e-001  3.8422400e+000  2.9985280e+000  1.4112000e-002  1.2972000e-002
  3.7302900e-001  5.0706090e+000  1.7037140e+000  7.0360000e-003  1.1906000e-002
  2.4458400e-001  5.6643320e+000  1.3756960e+000  4.0360000e-003  3.9620000e-003
  3.4545400e-001  6.0909880e+000  3.3611780e+000  9.0830000e-003  4.0320000e-003
  2.9789800e-001  7.7139200e-001  2.5774540e+000  4.1770000e-003  4.4040000e-003
  3.4499200e-001  3.9695860e+000  2.6291450e+000  7.2040000e-003  1.1236000e-002
  3.6351000e-001  5.4503030e+000  2.9121180e+000  6.5850000e-003  5.0540000e-003
  2.5485500e-001  5.3573070e+000  1.2791060e+000  7.7260000e-003  6.6180000e-003
  3.3794700e-001  6.1773650e+000  3.3476960e+000  3.9290000e-003  8.5650000e-003
  3.4374100e-001  4.4934990e+000  3.0710000e+000  2.3500000e-003  5.9630000e-003
  3.0869100e-001  1.2718250e+000  3.3846410e+000  1.0353000e-002  7.2060000e-003
  3.1880600e-001  5.4827600e+000  1.4890250e+000  1.5730000e-003  6.1180000e-003
  3.1589700e-001  7.0195300e-001  2.8275180e+000  1.0611000e-002  5.3420000e-003
  3.2404600e-001  6.0247370e+000  1.7635130e+000  1.1804000e-002  6.8570000e-003
  3.6741400e-001  2.1800880e+000  2.9742980e+000  4.6060000e-003  6.1340000e-003
  2.1986200e-001  6.0446130e+000  2.4606080e+000  5.6990000e-003  7.8820000e-003
  3.7210700e-001  2.7351310e+000  3.2642280e+000  7.5170000e-003  3.6000000e-003
  2.3821600e-001  6.0901880e+000  2.6984240e+000  6.7170000e-003  1.1355000e-002
  2.7202400e-001  5.3930130e+000  3.3149050e+000  5.0570000e-003  9.4610000e-003
