  5.0000000e-001
  5.0644228e-001
  5.2525827e-001
  5.5548146e-001
  5.9595802e-001
  6.4544970e-001
  7.0272092e-001
  7.6659918e-001
  8.3600950e-001
  9.0998891e-001
  9.8768786e-001
  1.0683642e+000
  1.1513737e+000
  1.2361592e+000
  1.3222398e+000
  1.4092013e+000
  1.4966871e+000
  1.5843903e+000
  1.6720471e+000
  1.7594309e+000
  1.8463477e+000
  1.9326309e+000
  2.0181386e+000
  2.1027499e+000
  2.1863625e+000
  2.2688900e+000
  2.3502601e+000
  2.4304131e+000
  2.5092998e+000
  2.5868806e+000
  2.6631244e+000
  2.7380071e+000
  2.8106248e+000
  2.8801560e+000
  2.9467046e+000
  3.0103714e+000
  3.0712549e+000
  3.1294509e+000
  3.1850525e+000
  3.2381501e+000
  3.2888313e+000
  3.3371815e+000
  3.3832829e+000
  3.4272154e+000
  3.4690565e+000
  3.5088810e+000
  3.5467613e+000
  3.5827675e+000
  3.6169674e+000
  3.6494263e+000
  3.6802076e+000
  3.7093724e+000
  3.7369798e+000
  3.7630867e+000
  3.7877483e+000
  3.8110177e+000
  3.8329463e+000
  3.8535835e+000
  3.8729771e+000
  3.8911734e+000
  3.9082167e+000
  3.9241501e+000
  3.9390149e+000
  3.9528511e+000
  3.9656972e+000
  3.9775903e+000
  3.9885664e+000
  3.9986599e+000
  4.0079043e+000
  4.0163315e+000
  4.0239727e+000
  4.0308576e+000
  4.0370150e+000
  4.0424728e+000
  4.0472576e+000
  4.0513952e+000
  4.0549106e+000
  4.0578277e+000
  4.0601695e+000
  4.0619584e+000
  4.0632159e+000
  4.0639625e+000
  4.0642182e+000
  4.0640023e+000
  4.0633333e+000
  4.0622290e+000
  4.0611809e+000
  4.0606551e+000
  4.0606314e+000
  4.0610900e+000
  4.0620118e+000
  4.0633785e+000
  4.0651720e+000
  4.0673749e+000
  4.0699706e+000
  4.0729425e+000
  4.0762750e+000
  4.0799526e+000
  4.0839607e+000
  4.0882848e+000
  4.0929110e+000
  4.0978258e+000
  4.1030162e+000
  4.1084697e+000
  4.1141739e+000
  4.1201171e+000
  4.1262879e+000
  4.1326752e+000
  4.1392683e+000
  4.1460569e+000
  4.1530310e+000
  4.1601810e+000
  4.1674976e+000
  4.1749717e+000
  4.1825946e+000
  4.1903580e+000
  4.1982538e+000
  4.2062741e+000
  4.2144115e+000
  4.2226585e+000
  4.2310083e+000
  4.2394540e+000
  4.2479892e+000
  4.2566075e+000
  4.2653028e+000
  4.2740695e+000
  4.2829018e+000
  4.2917944e+000
  4.3007420e+000
  4.3097397e+000
  4.3187827e+000
  4.3278663e+000
  4.3369860e+000
  4.3461378e+000
  4.3553173e+000
  4.3645208e+000
  4.3737444e+000
  4.3829846e+000
  4.3922378e+000
  4.4015007e+000
  4.4107701e+000
  4.4200430e+000
  4.4293165e+000
  4.4385878e+000
  4.4478541e+000
  4.4571130e+000
  4.4663619e+000
  4.4755987e+000
  4.4848209e+000
  4.4940266e+000
  4.5032137e+000
  4.5123802e+000
  4.5215244e+000
  4.5306444e+000
  4.5397386e+000
  4.5488055e+000
  4.5578435e+000
  4.5668513e+000
  4.5758274e+000
  4.5847706e+000
  4.5936797e+000
  4.6025536e+000
  4.6113911e+000
  4.6201913e+000
  4.6289532e+000
  4.6371271e+000
  4.6441937e+000
  4.6501961e+000
  4.6551759e+000
  4.6591728e+000
  4.6622253e+000
  4.6643704e+000
  4.6656435e+000
  4.6660787e+000
  4.6657090e+000
  4.6645659e+000
  4.6626797e+000
  4.6605035e+000
  4.6584672e+000
  4.6565658e+000
  4.6547944e+000
  4.6531482e+000
  4.6516229e+000
  4.6502138e+000
  4.6489169e+000
  4.6477279e+000
  4.6466429e+000
  4.6456581e+000
  4.6447698e+000
  4.6439743e+000
  4.6432682e+000
  4.6426481e+000
  4.6421108e+000
  4.6416533e+000
  4.6412723e+000
  4.6409651e+000
  4.6407289e+000
  4.6405608e+000
  4.6404582e+000
  4.6404187e+000
  4.6404396e+000
  4.6405188e+000
  4.6406537e+000
  4.6408424e+000
  4.6410825e+000
  4.6413720e+000
  4.6417090e+000
  4.6420915e+000
  4.6425175e+000
  4.6429854e+000
  4.6434934e+000
  4.6440398e+000
  4.6446229e+000
  4.6452412e+000
  4.6458932e+000
  4.6465774e+000
  4.6472924e+000
  4.6480369e+000
  4.6488095e+000
  4.6496089e+000
  4.6504340e+000
  4.6512835e+000
  4.6521562e+000
  4.6530512e+000
  4.6539673e+000
  4.6549035e+000
  4.6558588e+000
  4.6568322e+000
  4.6575401e+000
  4.6577135e+000
  4.6573736e+000
  4.6565404e+000
  4.6552333e+000
  4.6534711e+000
  4.6512718e+000
  4.6486527e+000
  4.6456306e+000
  4.6422215e+000
  4.6384410e+000
  4.6343040e+000
  4.6298248e+000
  4.6250174e+000
  4.6198951e+000
  4.6144707e+000
  4.6087566e+000
  4.6027648e+000
  4.5965067e+000
  4.5899934e+000
  4.5832356e+000
  4.5762435e+000
  4.5690270e+000
  4.5615957e+000
  4.5539587e+000
  4.5461249e+000
  4.5381027e+000
  4.5299005e+000
  4.5215260e+000
  4.5129869e+000
  4.5042906e+000
  4.4954442e+000
  4.4864543e+000
  4.4773277e+000
  4.4680706e+000
  4.4586891e+000
  4.4491891e+000
  4.4395763e+000
  4.4298560e+000
  4.4200336e+000
  4.4101142e+000
  4.4001025e+000
  4.3900034e+000
  4.3798213e+000
  4.3695607e+000
  4.3592257e+000
  4.3488204e+000
  4.3383487e+000
  4.3278144e+000
  4.3172211e+000
  4.3065724e+000
  4.2958717e+000
  4.2851221e+000
  4.2743269e+000
  4.2634890e+000
  4.2526115e+000
  4.2416971e+000
  4.2307486e+000
  4.2197685e+000
  4.2087595e+000
  4.1977240e+000
  4.1866643e+000
  4.1755827e+000
  4.1644814e+000
  4.1533625e+000
  4.1422282e+000
  4.1310803e+000
  4.1199207e+000
  4.1087514e+000
  4.0975741e+000
  4.0863905e+000
  4.0752022e+000
  4.0640109e+000
  4.0528181e+000
  4.0416254e+000
  4.0304341e+000
  4.0192456e+000
  4.0080614e+000
  3.9968826e+000
  3.9857106e+000
  3.9745466e+000
  3.9633918e+000
  3.9527900e+000
  3.9432582e+000
  3.9347586e+000
  3.9272540e+000
  3.9207086e+000
  3.9150875e+000
  3.9103568e+000
  3.9064835e+000
  3.9034356e+000
  3.9011821e+000
  3.8996927e+000
  3.8989381e+000
  3.8988899e+000
  3.8995202e+000
  3.9008024e+000
  3.9027102e+000
  3.9052183e+000
  3.9083022e+000
  3.9119379e+000
  3.9161024e+000
  3.9207731e+000
  3.9259283e+000
  3.9315468e+000
  3.9376082e+000
  3.9440925e+000
  3.9509806e+000
  3.9582537e+000
  3.9658938e+000
  3.9738835e+000
  3.9822057e+000
  3.9908441e+000
  3.9997827e+000
  4.0090064e+000
  4.0185001e+000
  4.0282496e+000
  4.0382410e+000
  4.0484608e+000
  4.0588962e+000
  4.0695346e+000
  4.0803639e+000
  4.0913726e+000
  4.1025493e+000
  4.1138832e+000
  4.1253639e+000
  4.1369813e+000
  4.1487257e+000
  4.1605877e+000
  4.1725583e+000
  4.1846290e+000
  4.1967912e+000
  4.2090372e+000
  4.2213590e+000
  4.2337494e+000
  4.2462011e+000
  4.2587075e+000
  4.2712619e+000
  4.2838580e+000
  4.2964898e+000
  4.3091516e+000
  4.3218377e+000
  4.3345429e+000
  4.3472621e+000
  4.3599905e+000
  4.3727233e+000
  4.3854563e+000
  4.3981850e+000
  4.4109055e+000
  4.4236139e+000
  4.4363065e+000
  4.4489799e+000
  4.4616306e+000
  4.4742555e+000
  4.4868515e+000
  4.4994159e+000
  4.5119458e+000
  4.5244386e+000
  4.5368920e+000
  4.5485967e+000
  4.5588834e+000
  4.5678075e+000
  4.5754226e+000
  4.5817799e+000
  4.5869288e+000
  4.5909167e+000
  4.5937890e+000
  4.5955895e+000
  4.5963603e+000
  4.5961418e+000
  4.5949726e+000
  4.5928901e+000
  4.5899301e+000
  4.5861270e+000
  4.5815139e+000
  4.5761225e+000
  4.5699834e+000
  4.5631259e+000
  4.5555780e+000
  4.5473670e+000
  4.5385188e+000
  4.5290585e+000
  4.5190099e+000
  4.5083962e+000
  4.4972395e+000
  4.4855612e+000
  4.4733817e+000
  4.4607206e+000
  4.4475969e+000
  4.4340286e+000
  4.4200333e+000
  4.4056276e+000
  4.3908277e+000
  4.3756490e+000
  4.3601064e+000
  4.3442142e+000
  4.3279860e+000
  4.3114351e+000
  4.2945741e+000
  4.2774152e+000
  4.2599700e+000
  4.2422499e+000
  4.2242655e+000
  4.2060272e+000
  4.1875451e+000
  4.1688287e+000
  4.1506878e+000
  4.1338943e+000
  4.1184020e+000
  4.1041658e+000
  4.0911421e+000
  4.0792885e+000
  4.0685638e+000
  4.0589279e+000
  4.0503422e+000
  4.0427689e+000
  4.0361713e+000
  4.0305139e+000
  4.0257620e+000
  4.0218823e+000
  4.0188419e+000
  4.0166093e+000
  4.0151537e+000
  4.0144453e+000
  4.0144549e+000
  4.0151546e+000
  4.0165169e+000
  4.0185153e+000
  4.0211240e+000
  4.0243180e+000
  4.0280731e+000
  4.0323657e+000
  4.0371730e+000
  4.0424729e+000
  4.0482439e+000
  4.0544652e+000
  4.0611166e+000
  4.0681785e+000
  4.0756322e+000
  4.0834591e+000
  4.0916416e+000
  4.1001624e+000
  4.1090050e+000
  4.1181532e+000
  4.1275915e+000
  4.1373049e+000
  4.1472787e+000
  4.1574988e+000
  4.1679519e+000
  4.1786245e+000
  4.1895042e+000
  4.2005787e+000
  4.2118361e+000
  4.2232651e+000
  4.2348547e+000
  4.2465943e+000
  4.2584737e+000
  4.2704831e+000
  4.2826129e+000
  4.2948541e+000
  4.3071978e+000
  4.3196357e+000
  4.3321597e+000
  4.3447618e+000
  4.3574346e+000
  4.3701710e+000
  4.3829639e+000
  4.3958067e+000
  4.4086931e+000
  4.4216169e+000
  4.4345723e+000
  4.4475537e+000
  4.4605557e+000
  4.4735730e+000
  4.4866009e+000
  4.4996346e+000
  4.5126695e+000
  4.5257014e+000
  4.5387262e+000
  4.5517400e+000
  4.5647389e+000
  4.5777195e+000
  4.5906783e+000
  4.6036121e+000
  4.6165178e+000
  4.6293925e+000
  4.6422335e+000
  4.6550381e+000
  4.6678037e+000
  4.6805281e+000
  4.6932089e+000
  4.7058441e+000
  4.7184317e+000
  4.7309698e+000
  4.7434565e+000
  4.7558902e+000
  4.7682694e+000
  4.7805926e+000
  4.7928583e+000
  4.8044267e+000
  4.8146936e+000
  4.8237097e+000
  4.8315241e+000
  4.8381834e+000
  4.8437330e+000
  4.8482162e+000
  4.8516747e+000
  4.8541485e+000
  4.8556763e+000
  4.8562952e+000
  4.8560406e+000
  4.8549470e+000
  4.8530471e+000
  4.8503728e+000
  4.8469543e+000
  4.8428210e+000
  4.8380010e+000
  4.8325213e+000
  4.8264079e+000
  4.8196858e+000
  4.8123790e+000
  4.8045107e+000
  4.7961030e+000
  4.7871772e+000
  4.7777540e+000
  4.7678530e+000
  4.7574931e+000
  4.7466927e+000
  4.7354693e+000
  4.7238397e+000
  4.7118202e+000
  4.6994262e+000
  4.6866729e+000
  4.6735745e+000
  4.6601450e+000
  4.6463977e+000
  4.6323454e+000
  4.6180003e+000
  4.6033744e+000
  4.5884791e+000
  4.5733251e+000
  4.5579232e+000
  4.5422834e+000
  4.5264155e+000
  4.5103288e+000
  4.4940323e+000
  4.4775347e+000
  4.4608444e+000
  4.4439692e+000
  4.4269170e+000
  4.4096952e+000
  4.3923108e+000
  4.3747708e+000
  4.3570816e+000
  4.3392498e+000
  4.3212814e+000
  4.3031822e+000
  4.2849580e+000
  4.2666141e+000
  4.2481558e+000
  4.2295882e+000
  4.2109160e+000
  4.1921440e+000
  4.1732766e+000
  4.1543182e+000
  4.1352729e+000
  4.1161447e+000
  4.0969375e+000
  4.0776550e+000
  4.0583008e+000
  4.0388784e+000
  4.0193909e+000
  3.9998418e+000
  3.9802339e+000
  3.9605703e+000
  3.9408539e+000
  3.9210874e+000
  3.9012735e+000
  3.8814147e+000
  3.8615135e+000
  3.8415723e+000
  3.8215933e+000
  3.8015789e+000
  3.7815310e+000
  3.7614519e+000
  3.7413435e+000
  3.7212076e+000
  3.7010463e+000
  3.6808612e+000
  3.6606541e+000
  3.6403861e+000
  3.6200202e+000
  3.5995605e+000
  3.5790112e+000
  3.5583760e+000
  3.5376589e+000
  3.5168634e+000
  3.4959931e+000
  3.4750511e+000
  3.4540409e+000
  3.4329655e+000
  3.4118279e+000
  3.3906310e+000
  3.3693775e+000
  3.3480702e+000
  3.3267116e+000
  3.3053042e+000
  3.2838505e+000
  3.2623526e+000
  3.2408129e+000
  3.2192335e+000
  3.1976164e+000
  3.1759636e+000
  3.1542772e+000
  3.1325588e+000
  3.1108104e+000
  3.0890337e+000
  3.0672303e+000
  3.0454018e+000
  3.0235498e+000
  3.0016759e+000
  2.9797814e+000
  2.9578678e+000
  2.9359365e+000
  2.9139887e+000
  2.8920258e+000
  2.8700489e+000
  2.8480594e+000
  2.8260583e+000
  2.8040467e+000
  2.7820259e+000
  2.7599968e+000
  2.7387576e+000
  2.7190726e+000
  2.7008931e+000
  2.6841714e+000
  2.6688611e+000
  2.6549165e+000
  2.6422933e+000
  2.6309478e+000
  2.6208376e+000
  2.6119209e+000
  2.6041569e+000
  2.5966234e+000
  2.5884422e+000
  2.5796388e+000
  2.5702377e+000
  2.5602623e+000
  2.5497353e+000
  2.5386784e+000
  2.5271123e+000
  2.5150573e+000
  2.5025324e+000
  2.4895563e+000
  2.4761467e+000
  2.4623207e+000
  2.4480948e+000
  2.4334847e+000
  2.4185057e+000
  2.4031722e+000
  2.3874983e+000
  2.3714976e+000
  2.3551829e+000
  2.3385666e+000
  2.3216608e+000
  2.3044769e+000
  2.2870260e+000
  2.2693188e+000
  2.2513653e+000
  2.2331755e+000
  2.2147587e+000
  2.1961241e+000
  2.1772698e+000
  2.1581942e+000
  2.1389058e+000
  2.1194132e+000
  2.0997242e+000
  2.0798465e+000
  2.0597877e+000
  2.0395547e+000
  2.0191544e+000
  1.9985933e+000
  1.9778778e+000
  1.9570140e+000
  1.9360075e+000
  1.9148641e+000
  1.8935891e+000
  1.8721877e+000
  1.8506647e+000
  1.8290251e+000
  1.8072733e+000
  1.7854137e+000
  1.7634506e+000
  1.7413881e+000
  1.7192300e+000
  1.6969801e+000
  1.6746420e+000
  1.6522191e+000
  1.6297148e+000
  1.6071322e+000
  1.5844745e+000
  1.5617445e+000
  1.5389452e+000
  1.5160792e+000
  1.4931491e+000
  1.4701575e+000
  1.4471067e+000
  1.4239992e+000
  1.4008370e+000
  1.3776224e+000
  1.3543575e+000
  1.3310441e+000
  1.3076842e+000
  1.2842796e+000
  1.2608321e+000
  1.2373433e+000
  1.2138149e+000
  1.1902484e+000
  1.1666453e+000
  1.1430071e+000
  1.1193351e+000
  1.0956306e+000
  1.0718950e+000
  1.0481294e+000
  1.0243351e+000
  1.0005131e+000
  9.7666448e-001
  9.5279039e-001
  9.2889178e-001
  9.0496960e-001
  8.8102480e-001
  8.5705824e-001
  8.3307079e-001
  8.0906327e-001
  7.8503647e-001
  7.6099113e-001
  7.3692799e-001
  7.1289184e-001
  6.8892709e-001
  6.6503407e-001
  6.4121329e-001
  6.1746550e-001
  5.9379166e-001
  5.7019300e-001
  5.4667103e-001
  5.2322757e-001
  4.9986478e-001
  4.7658520e-001
  4.5339182e-001
  4.3028812e-001
  4.0727817e-001
  3.8436668e-001
  3.6155915e-001
  3.3886202e-001
  3.1628281e-001
  2.9383037e-001
  2.7151523e-001
  2.4934990e-001
  2.2734951e-001
  2.0553247e-001
  1.8392157e-001
  1.6254546e-001
  1.4144093e-001
  1.2065651e-001
  1.0025837e-001
  8.2243496e-002
  6.9067080e-002
  6.1485483e-002
  5.9993148e-002
  6.4511060e-002
  7.4339530e-002
  8.8441045e-002
  1.0576467e-001
  1.2541253e-001
  1.4667290e-001
  1.6899718e-001
  1.9196520e-001
  2.1525425e-001
  2.3861501e-001
  2.6185375e-001
  2.8481917e-001
  3.0739284e-001
  3.2948202e-001
  3.5101428e-001
  3.7193346e-001
  3.9219646e-001
  4.1177083e-001
  4.3063281e-001
  4.4876581e-001
  4.6615912e-001
  4.8280695e-001
  4.9870756e-001
  5.1386261e-001
  5.2827660e-001
  5.4195636e-001
  5.5491069e-001
  5.6715000e-001
  5.7868607e-001
  5.8953177e-001
  5.9970085e-001
  6.0920783e-001
  6.1806777e-001
  6.2629621e-001
  6.3390902e-001
  6.4092230e-001
  6.4735236e-001
  6.5321557e-001
  6.5852837e-001
  6.6330717e-001
  6.6756833e-001
  6.7132812e-001
  6.7460270e-001
  6.7740806e-001
  6.7976004e-001
  6.8167428e-001
  6.8316621e-001
  6.8425106e-001
  6.8494381e-001
  6.8525922e-001
  6.8521181e-001
  6.8481584e-001
  6.8408533e-001
  6.8303406e-001
  6.8167555e-001
  6.8002305e-001
  6.7808959e-001
  6.7588793e-001
  6.7343061e-001
  6.7072991e-001
  6.6779786e-001
  6.6464628e-001
  6.6128674e-001
  6.5773060e-001
  6.5398899e-001
  6.5007280e-001
  6.4599275e-001
  6.4175931e-001
  6.3738278e-001
  6.3287323e-001
  6.2824056e-001
  6.2349447e-001
  6.1864448e-001
  6.1369990e-001
  6.0893135e-001
  6.0459790e-001
  6.0069115e-001
  5.9720228e-001
  5.9412207e-001
  5.9144087e-001
  5.8914866e-001
  5.8723502e-001
  5.8568918e-001
  5.8450002e-001
  5.8365612e-001
  5.8314575e-001
  5.8295694e-001
  5.8307749e-001
  5.8349502e-001
  5.8419696e-001
  5.8517066e-001
  5.8640337e-001
  5.8788228e-001
  5.8959458e-001
  5.9152749e-001
  5.9366828e-001
  5.9600432e-001
  5.9852308e-001
  6.0121221e-001
  6.0405954e-001
  6.0705308e-001
  6.1018110e-001
  6.1343210e-001
  6.1679489e-001
  6.2025853e-001
  6.2381240e-001
  6.2744621e-001
  6.3115000e-001
  6.3491413e-001
  6.3872932e-001
  6.4258666e-001
  6.4647757e-001
  6.5039385e-001
  6.5432764e-001
  6.5827145e-001
  6.6221815e-001
  6.6616098e-001
  6.7009349e-001
  6.7400961e-001
  6.7790361e-001
  6.8177007e-001
  6.8560392e-001
  6.8940041e-001
  6.9315508e-001
  6.9686379e-001
  7.0052269e-001
  7.0412823e-001
  7.0767711e-001
  7.1116631e-001
  7.1459307e-001
  7.1795488e-001
  7.2124945e-001
  7.2447475e-001
  7.2762894e-001
  7.3071041e-001
  7.3371775e-001
  7.3664973e-001
  7.3950532e-001
  7.4228366e-001
  7.4498403e-001
  7.4760592e-001
  7.5014893e-001
  7.5261282e-001
  7.5499748e-001
  7.5730292e-001
  7.5952929e-001
  7.6167683e-001
  7.6374590e-001
  7.6573697e-001
  7.6765059e-001
  7.6948739e-001
  7.7124810e-001
  7.7293352e-001
  7.7454452e-001
  7.7608204e-001
  7.7754708e-001
  7.7894069e-001
  7.8026398e-001
  7.8151810e-001
  7.8270426e-001
  7.8382368e-001
  7.8487765e-001
  7.8586747e-001
  7.8679447e-001
  7.8766002e-001
  7.8846549e-001
  7.8921228e-001
  7.8990182e-001
  7.9061889e-001
  7.9144373e-001
  7.9237097e-001
  7.9339530e-001
  7.9451151e-001
  7.9571447e-001
  7.9699912e-001
  7.9836050e-001
  7.9979375e-001
  8.0129410e-001
  8.0285690e-001
  8.0447760e-001
  8.0615173e-001
  8.0787498e-001
  8.0964312e-001
  8.1145206e-001
  8.1329779e-001
  8.1517647e-001
  8.1708433e-001
  8.1901775e-001
  8.2097322e-001
  8.2294737e-001
  8.2493692e-001
  8.2693873e-001
  8.2894977e-001
  8.3096714e-001
  8.3298805e-001
  8.3500984e-001
  8.3702995e-001
  8.3904594e-001
  8.4105547e-001
  8.4305635e-001
  8.4504646e-001
  8.4702380e-001
  8.4898647e-001
  8.5093269e-001
  8.5286077e-001
  8.5476911e-001
  8.5665622e-001
  8.5852070e-001
  8.6036123e-001
  8.6217660e-001
  8.6396568e-001
  8.6572740e-001
  8.6746080e-001
  8.6916499e-001
  8.7083916e-001
  8.7248257e-001
  8.7654347e-001
  8.8531949e-001
  8.9856805e-001
  9.1602882e-001
  9.3742838e-001
  9.6248509e-001
  9.9091374e-001
  1.0224299e+000
  1.0567535e+000
  1.0936123e+000
  1.1327437e+000
  1.1738971e+000
  1.2168352e+000
  1.2613340e+000
  1.3071843e+000
  1.3541906e+000
  1.4021719e+000
  1.4509606e+000
  1.5004024e+000
  1.5503555e+000
  1.6006899e+000
  1.6512870e+000
  1.7020383e+000
  1.7528456e+000
  1.8036194e+000
  1.8542789e+000
  1.9047510e+000
  1.9549700e+000
  2.0048767e+000
  2.0544183e+000
  2.1035474e+000
  2.1522222e+000
  2.2004053e+000
  2.2480641e+000
  2.2951697e+000
  2.3416971e+000
  2.3876247e+000
  2.4329340e+000
  2.4776092e+000
  2.5216374e+000
  2.5650079e+000
  2.6077120e+000
  2.6497434e+000
  2.6910971e+000
  2.7317702e+000
  2.7717609e+000
  2.8110691e+000
  2.8496956e+000
  2.8876425e+000
  2.9249129e+000
  2.9615107e+000
  2.9974407e+000
  3.0327083e+000
  3.0673197e+000
  3.1012815e+000
  3.1346009e+000
  3.1672857e+000
  3.1993438e+000
  3.2299812e+000
  3.2584567e+000
  3.2848550e+000
  3.3092576e+000
  3.3317427e+000
  3.3523855e+000
  3.3712583e+000
  3.3884304e+000
  3.4039686e+000
  3.4179369e+000
  3.4303968e+000
  3.4414076e+000
  3.4510259e+000
  3.4593065e+000
  3.4663018e+000
  3.4720622e+000
  3.4766360e+000
  3.4800699e+000
  3.4824085e+000
  3.4836948e+000
  3.4839700e+000
  3.4832737e+000
  3.4816442e+000
  3.4791179e+000
  3.4757300e+000
  3.4715143e+000
  3.4665033e+000
  3.4607282e+000
  3.4542188e+000
  3.4470041e+000
  3.4391116e+000
  3.4305679e+000
  3.4213987e+000
  3.4116283e+000
  3.4012804e+000
  3.3903776e+000
  3.3789417e+000
  3.3669935e+000
  3.3545532e+000
  3.3416401e+000
  3.3282726e+000
  3.3144687e+000
  3.3002454e+000
  3.2856192e+000
  3.2706058e+000
  3.2552205e+000
  3.2394779e+000
  3.2233918e+000
  3.2069759e+000
  3.1902431e+000
  3.1732057e+000
  3.1558757e+000
  3.1382646e+000
  3.1203834e+000
  3.1022427e+000
  3.0838527e+000
  3.0652232e+000
  3.0463634e+000
  3.0272826e+000
  3.0079893e+000
  2.9884919e+000
  2.9687983e+000
  2.9489163e+000
  2.9288533e+000
  2.9086163e+000
  2.8882122e+000
  2.8676475e+000
  2.8469285e+000
  2.8260613e+000
  2.8050517e+000
  2.7839053e+000
  2.7635318e+000
  2.7448019e+000
  2.7276635e+000
  2.7120656e+000
  2.6979584e+000
  2.6852930e+000
  2.6740215e+000
  2.6640973e+000
  2.6554743e+000
  2.6481076e+000
  2.6419533e+000
  2.6369681e+000
  2.6326990e+000
  2.6287147e+000
  2.6250056e+000
  2.6215625e+000
  2.6183764e+000
  2.6154386e+000
  2.6127404e+000
  2.6102737e+000
  2.6080303e+000
  2.6060025e+000
  2.6041826e+000
  2.6025633e+000
  2.6011374e+000
  2.5998979e+000
  2.5988379e+000
  2.5979510e+000
  2.5972306e+000
  2.5966707e+000
  2.5962650e+000
  2.5960078e+000
  2.5958932e+000
  2.5959159e+000
  2.5960703e+000
  2.5963513e+000
  2.5967537e+000
  2.5972727e+000
  2.5979035e+000
  2.5986413e+000
  2.5994817e+000
  2.6004204e+000
  2.6014530e+000
  2.6025755e+000
  2.6037838e+000
  2.6050742e+000
  2.6064427e+000
  2.6078859e+000
  2.6094001e+000
  2.6109820e+000
  2.6126282e+000
  2.6143355e+000
  2.6161008e+000
  2.6179212e+000
  2.6197937e+000
  2.6217154e+000
  2.6236838e+000
  2.6260897e+000
  2.6293031e+000
  2.6332900e+000
  2.6380173e+000
  2.6434526e+000
  2.6495643e+000
  2.6563217e+000
  2.6636948e+000
  2.6716542e+000
  2.6801716e+000
  2.6892192e+000
  2.6987701e+000
  2.7087982e+000
  2.7192780e+000
  2.7301848e+000
  2.7414948e+000
  2.7531847e+000
  2.7652321e+000
  2.7776152e+000
  2.7903129e+000
  2.8033050e+000
  2.8165716e+000
  2.8300940e+000
  2.8438537e+000
  2.8578330e+000
  2.8720150e+000
  2.8863833e+000
  2.9009220e+000
  2.9156160e+000
  2.9304507e+000
  2.9454121e+000
  2.9604868e+000
  2.9756618e+000
  2.9909248e+000
  3.0062640e+000
  3.0216680e+000
  3.0371260e+000
  3.0526277e+000
  3.0681631e+000
  3.0837228e+000
  3.0992978e+000
  3.1148796e+000
  3.1304600e+000
  3.1460312e+000
  3.1615858e+000
  3.1771169e+000
  3.1926179e+000
  3.2080823e+000
  3.2235044e+000
  3.2388784e+000
  3.2541990e+000
  3.2694612e+000
  3.2846603e+000
  3.2997918e+000
  3.3148516e+000
  3.3298357e+000
  3.3444823e+000
  3.3585449e+000
  3.3720425e+000
  3.3849933e+000
  3.3974152e+000
  3.4093256e+000
  3.4207411e+000
  3.4316782e+000
  3.4421526e+000
  3.4521795e+000
  3.4617740e+000
  3.4709503e+000
  3.4797225e+000
  3.4881041e+000
  3.4961082e+000
  3.5037475e+000
  3.5110343e+000
  3.5179806e+000
  3.5245979e+000
  3.5308975e+000
  3.5368902e+000
  3.5425865e+000
  3.5479965e+000
  3.5531302e+000
  3.5579970e+000
  3.5626063e+000
  3.5669669e+000
  3.5710875e+000
  3.5749765e+000
  3.5786420e+000
  3.5820919e+000
  3.5853337e+000
  3.5883748e+000
  3.5912224e+000
  3.5938832e+000
  3.5963641e+000
  3.5986714e+000
  3.6008113e+000
  3.6027900e+000
  3.6046131e+000
  3.6062865e+000
  3.6078156e+000
  3.6092055e+000
  3.6104616e+000
  3.6115886e+000
  3.6125914e+000
  3.6134746e+000
  3.6142427e+000
  3.6149000e+000
  3.6150266e+000
  3.6142246e+000
  3.6125306e+000
  3.6099794e+000
  3.6066047e+000
  3.6024389e+000
  3.5975130e+000
  3.5918569e+000
  3.5854993e+000
  3.5784676e+000
  3.5707885e+000
  3.5624874e+000
  3.5535888e+000
  3.5441162e+000
  3.5340922e+000
  3.5235385e+000
  3.5124761e+000
  3.5009249e+000
  3.4889043e+000
  3.4764328e+000
  3.4635283e+000
  3.4502078e+000
  3.4364878e+000
  3.4223842e+000
  3.4079121e+000
  3.3930862e+000
  3.3779204e+000
  3.3624284e+000
  3.3466030e+000
  3.3304377e+000
  3.3139456e+000
  3.2971398e+000
  3.2800324e+000
  3.2626353e+000
  3.2449599e+000
  3.2270170e+000
  3.2088172e+000
  3.1903705e+000
  3.1716867e+000
  3.1527749e+000
  3.1336442e+000
  3.1143031e+000
  3.0947599e+000
  3.0750226e+000
  3.0550986e+000
  3.0349954e+000
  3.0147200e+000
  2.9942791e+000
  2.9736792e+000
  2.9529265e+000
  2.9320272e+000
  2.9109868e+000
  2.8898109e+000
  2.8685049e+000
  2.8470738e+000
  2.8255226e+000
  2.8038559e+000
  2.7820783e+000
  2.7601942e+000
  2.7382077e+000
  2.7161228e+000
  2.6939435e+000
  2.6716733e+000
  2.6493159e+000
  2.6268747e+000
  2.6043529e+000
  2.5817538e+000
  2.5590804e+000
  2.5363355e+000
  2.5135221e+000
  2.4906427e+000
  2.4677000e+000
  2.4446964e+000
  2.4216344e+000
  2.3985162e+000
  2.3753441e+000
  2.3521201e+000
  2.3288463e+000
  2.3055246e+000
  2.2821570e+000
  2.2587452e+000
  2.2352909e+000
  2.2117959e+000
  2.1882618e+000
  2.1646900e+000
  2.1410820e+000
  2.1174393e+000
  2.0937633e+000
  2.0700552e+000
  2.0463163e+000
  2.0225478e+000
  1.9987509e+000
  1.9749267e+000
  1.9510763e+000
  1.9272006e+000
  1.9033008e+000
  1.8793777e+000
  1.8554323e+000
  1.8314654e+000
  1.8074778e+000
  1.7835066e+000
  1.7595871e+000
  1.7357185e+000
  1.7118996e+000
  1.6881297e+000
  1.6644077e+000
  1.6407330e+000
  1.6171049e+000
  1.5935225e+000
  1.5699854e+000
  1.5464930e+000
  1.5230447e+000
  1.4996402e+000
  1.4762790e+000
  1.4529608e+000
  1.4296854e+000
  1.4064525e+000
  1.3832618e+000
  1.3601134e+000
  1.3370072e+000
  1.3139431e+000
  1.2909212e+000
  1.2679416e+000
  1.2450044e+000
  1.2221099e+000
  1.1992584e+000
  1.1764501e+000
  1.1536855e+000
  1.1309650e+000
  1.1082892e+000
  1.0856586e+000
  1.0630740e+000
  1.0405360e+000
  1.0180454e+000
  9.9560315e-001
  9.7321022e-001
  9.5086766e-001
  9.2857661e-001
  9.0633832e-001
  8.8415415e-001
  8.6202556e-001
  8.3995413e-001
  8.1794156e-001
  7.9598969e-001
  7.7410050e-001
  7.5227615e-001
  7.3051893e-001
  7.0883135e-001
  6.8721609e-001
  6.6567607e-001
  6.4421443e-001
  6.2283457e-001
  6.0154020e-001
  5.8033531e-001
  5.5922428e-001
  5.3821183e-001
  5.1730315e-001
  4.9650390e-001
  4.7582027e-001
  4.5515191e-001
  4.3439832e-001
  4.1356594e-001
  3.9266130e-001
  3.7169106e-001
  3.5066203e-001
  3.2958130e-001
  3.0845631e-001
  2.8729496e-001
  2.6610576e-001
  2.4489801e-001
  2.2368212e-001
  2.0246991e-001
  1.8127515e-001
  1.6011438e-001
  1.3900798e-001
  1.1798218e-001
  9.7072279e-002
  7.6328815e-002
  5.5830603e-002
  3.5717862e-002
  1.6309561e-002
  2.7560242e-004
  1.6910778e-002
  3.4361067e-002
  5.1067451e-002
  6.6747810e-002
  8.1299924e-002
  9.4686586e-002
  1.0690116e-001
  1.1795348e-001
  1.2786294e-001
  1.3665480e-001
  1.4435790e-001
  1.5100334e-001
  1.5662353e-001
  1.6125161e-001
  1.6492106e-001
  1.6766537e-001
  1.6951787e-001
  1.7051160e-001
  1.7067921e-001
  1.7005292e-001
  1.6866450e-001
  1.6654528e-001
  1.6372613e-001
  1.6023758e-001
  1.5610980e-001
  1.5137276e-001
  1.4605629e-001
  1.4019024e-001
  1.3380465e-001
  1.2693000e-001
  1.1959747e-001
  1.1183935e-001
  1.0368956e-001
  9.5184342e-002
  8.6363264e-002
  7.7270658e-002
  6.7957795e-002
  5.8486289e-002
  4.8933742e-002
  3.9403719e-002
  3.0044940e-002
  2.1092511e-002
  1.2970662e-002
  6.5971578e-003
  4.1379278e-003
  7.2832727e-003
  1.3564927e-002
  2.0903697e-002
  2.8437781e-002
  3.5767741e-002
  4.7351810e-002
  6.5786589e-002
  8.8524950e-002
  1.1385581e-001
  1.4068115e-001
  1.6827974e-001
  1.9616130e-001
  2.2398225e-001
  2.5149621e-001
  2.7852359e-001
  3.0493227e-001
  3.3062476e-001
  3.5552943e-001
  3.7959432e-001
  4.0278265e-001
  4.2506954e-001
  4.4643946e-001
  4.6688441e-001
  4.8640234e-001
  5.0499606e-001
  5.2267225e-001
  5.3944075e-001
  5.5531394e-001
  5.7030625e-001
  5.8443375e-001
  5.9771381e-001
  6.1016483e-001
  6.2180600e-001
  6.3265709e-001
  6.4273834e-001
  6.5207025e-001
  6.6067353e-001
  6.6856895e-001
  6.7577730e-001
  6.8231929e-001
  6.8821552e-001
  6.9348642e-001
  6.9815219e-001
  7.0223280e-001
  7.0574796e-001
  7.0871707e-001
  7.1115923e-001
  7.1309320e-001
  7.1453743e-001
  7.1551001e-001
  7.1602870e-001
  7.1611090e-001
  7.1577366e-001
  7.1503368e-001
  7.1390733e-001
  7.1241060e-001
  7.1055917e-001
  7.0836838e-001
  7.0585323e-001
  7.0302839e-001
  6.9990824e-001
  6.9650682e-001
  6.9283788e-001
  6.8891487e-001
  6.8475097e-001
  6.8035906e-001
  6.7575176e-001
  6.7094142e-001
  6.6594013e-001
  6.6075976e-001
  6.5541191e-001
  6.4990796e-001
  6.4425907e-001
  6.3847619e-001
  6.3257006e-001
  6.2655120e-001
  6.2042995e-001
  6.1421648e-001
  6.0792076e-001
  6.0155258e-001
  5.9512158e-001
  5.8863722e-001
  5.8210881e-001
  5.7554551e-001
  5.6895632e-001
  5.6235011e-001
  5.5573559e-001
  5.4912134e-001
  5.4251579e-001
  5.3592726e-001
  5.2936392e-001
  5.2283378e-001
  5.1634475e-001
  5.1463993e-001
  5.2219889e-001
  5.3851264e-001
  5.6293694e-001
  5.9473525e-001
  6.3312426e-001
  6.7731428e-001
  7.2654015e-001
  7.8008188e-001
  8.3727635e-001
  8.9752221e-001
  9.6028020e-001
  1.0250706e+000
  1.0914689e+000
  1.1591013e+000
  1.2276393e+000
  1.2967952e+000
  1.3663170e+000
  1.4359849e+000
  1.5056072e+000
  1.5750169e+000
  1.6440691e+000
  1.7126379e+000
  1.7806150e+000
  1.8479066e+000
  1.9144325e+000
  1.9801243e+000
  2.0449238e+000
  2.1087824e+000
  2.1716592e+000
  2.2335209e+000
  2.2943406e+000
  2.3540968e+000
  2.4127734e+000
  2.4703585e+000
  2.5268445e+000
  2.5822269e+000
  2.6365047e+000
  2.6896794e+000
  2.7417549e+000
  2.7927375e+000
  2.8426350e+000
  2.8914571e+000
  2.9392150e+000
  2.9859208e+000
  3.0315880e+000
  3.0762309e+000
  3.1198645e+000
  3.1625047e+000
  3.2041678e+000
  3.2448706e+000
  3.2846301e+000
  3.3234640e+000
  3.3613897e+000
  3.3984253e+000
  3.4345885e+000
  3.4698975e+000
  3.5043701e+000
  3.5380243e+000
  3.5708780e+000
  3.6029490e+000
  3.6342549e+000
  3.6648132e+000
  3.6946412e+000
  3.7231910e+000
  3.7499502e+000
  3.7749869e+000
  3.7983666e+000
  3.8201527e+000
  3.8404059e+000
  3.8591850e+000
  3.8765463e+000
  3.8925441e+000
  3.9072309e+000
  3.9206569e+000
  3.9328707e+000
  3.9439189e+000
  3.9538465e+000
  3.9626967e+000
  3.9705112e+000
  3.9773300e+000
  3.9831917e+000
  3.9881334e+000
  3.9921910e+000
  3.9953987e+000
  3.9977896e+000
  3.9993958e+000
  4.0002477e+000
  4.0003749e+000
  3.9998059e+000
  3.9985680e+000
  3.9966874e+000
  3.9941896e+000
  3.9910988e+000
  3.9874385e+000
  3.9832314e+000
  3.9784991e+000
  3.9732626e+000
  3.9675419e+000
  3.9613565e+000
  3.9547251e+000
  3.9476654e+000
  3.9401949e+000
  3.9323302e+000
  3.9240872e+000
  3.9154814e+000
  3.9065275e+000
  3.8972400e+000
  3.8876325e+000
  3.8777182e+000
  3.8675099e+000
  3.8570199e+000
  3.8462599e+000
  3.8352413e+000
  3.8239751e+000
  3.8124718e+000
  3.8007415e+000
  3.7887940e+000
  3.7766388e+000
  3.7642849e+000
  3.7517410e+000
  3.7390155e+000
  3.7261166e+000
  3.7130519e+000
  3.6998291e+000
  3.6864554e+000
  3.6729377e+000
  3.6592828e+000
  3.6454972e+000
  3.6315870e+000
  3.6175583e+000
  3.6034169e+000
  3.5891685e+000
  3.5748182e+000
  3.5603715e+000
  3.5458332e+000
  3.5312083e+000
  3.5165013e+000
  3.5017167e+000
  3.4868590e+000
  3.4719322e+000
  3.4569404e+000
  3.4418875e+000
  3.4267773e+000
  3.4116134e+000
  3.3963993e+000
  3.3811384e+000
  3.3658339e+000
  3.3504890e+000
  3.3351067e+000
  3.3196901e+000
  3.3042419e+000
  3.2887649e+000
  3.2732618e+000
  3.2577351e+000
  3.2427533e+000
  3.2288585e+000
  3.2160143e+000
  3.2041853e+000
  3.1933372e+000
  3.1834365e+000
  3.1744508e+000
  3.1663483e+000
  3.1590982e+000
  3.1526706e+000
  3.1470361e+000
  3.1421666e+000
  3.1380341e+000
  3.1346120e+000
  3.1318738e+000
  3.1297942e+000
  3.1283484e+000
  3.1275121e+000
  3.1272619e+000
  3.1275749e+000
  3.1284289e+000
  3.1298022e+000
  3.1316739e+000
  3.1340235e+000
  3.1368311e+000
  3.1400773e+000
  3.1437436e+000
  3.1478115e+000
  3.1522635e+000
  3.1570823e+000
  3.1622512e+000
  3.1677542e+000
  3.1735754e+000
  3.1796997e+000
  3.1861122e+000
  3.1927988e+000
  3.1997456e+000
  3.2069390e+000
  3.2143662e+000
  3.2220146e+000
  3.2298719e+000
  3.2379265e+000
  3.2461669e+000
  3.2545822e+000
  3.2631616e+000
  3.2718950e+000
  3.2807725e+000
  3.2897844e+000
  3.2989216e+000
  3.3081752e+000
  3.3175365e+000
  3.3269973e+000
  3.3365497e+000
  3.3461860e+000
  3.3558988e+000
  3.3656810e+000
  3.3755258e+000
  3.3854267e+000
  3.3953772e+000
  3.4053715e+000
  3.4154037e+000
  3.4254682e+000
  3.4355596e+000
  3.4456729e+000
  3.4558032e+000
  3.4659457e+000
  3.4760960e+000
  3.4862498e+000
  3.4964029e+000
  3.5065435e+000
  3.5166603e+000
  3.5267505e+000
  3.5368111e+000
  3.5468397e+000
  3.5568337e+000
  3.5667907e+000
  3.5767087e+000
  3.5865854e+000
  3.5964188e+000
  3.6062072e+000
  3.6159487e+000
  3.6256416e+000
  3.6352845e+000
  3.6448758e+000
  3.6544143e+000
  3.6638985e+000
  3.6733274e+000
  3.6826998e+000
  3.6920147e+000
  3.7012711e+000
  3.7104682e+000
  3.7196051e+000
  3.7286812e+000
  3.7376957e+000
  3.7466480e+000
  3.7555376e+000
  3.7643640e+000
  3.7731267e+000
  3.7818254e+000
  3.7904597e+000
  3.7990292e+000
  3.8075339e+000
  3.8159734e+000
  3.8243476e+000
  3.8326564e+000
  3.8408996e+000
  3.8490773e+000
  3.8571894e+000
  3.8652359e+000
  3.8732169e+000
  3.8811325e+000
  3.8889827e+000
  3.8967677e+000
  3.9044876e+000
  3.9121426e+000
  3.9197330e+000
  3.9272588e+000
  3.9347205e+000
  3.9421181e+000
  3.9494521e+000
  3.9567227e+000
  3.9639302e+000
  3.9710749e+000
  3.9781572e+000
  3.9851774e+000
  3.9921359e+000
  3.9990330e+000
  4.0058692e+000
  4.0126448e+000
  4.0193603e+000
  4.0260160e+000
  4.0326123e+000
  4.0391498e+000
  4.0456288e+000
  4.0520497e+000
  4.0584130e+000
  4.0647192e+000
  4.0709687e+000
  4.0771619e+000
  4.0827525e+000
  4.0872236e+000
  4.0906192e+000
  4.0929814e+000
  4.0943507e+000
  4.0947659e+000
  4.0942645e+000
  4.0928824e+000
  4.0906542e+000
  4.0876131e+000
  4.0837910e+000
  4.0792186e+000
  4.0739253e+000
  4.0679396e+000
  4.0612886e+000
  4.0539986e+000
  4.0460947e+000
  4.0376010e+000
  4.0285410e+000
  4.0189368e+000
  4.0088100e+000
  3.9981812e+000
  3.9870703e+000
  3.9754964e+000
  3.9634778e+000
  3.9510320e+000
  3.9381761e+000
  3.9249264e+000
  3.9112984e+000
  3.8973073e+000
  3.8829675e+000
  3.8682930e+000
  3.8532970e+000
  3.8379924e+000
  3.8223917e+000
  3.8065066e+000
  3.7903486e+000
  3.7739283e+000
  3.7572559e+000
  3.7403417e+000
  3.7231952e+000
  3.7058261e+000
  3.6882433e+000
  3.6704555e+000
  3.6524710e+000
  3.6342980e+000
  3.6159440e+000
  3.5974167e+000
  3.5787231e+000
  3.5598700e+000
  3.5408642e+000
  3.5217119e+000
  3.5024193e+000
  3.4829922e+000
  3.4634364e+000
  3.4437573e+000
  3.4239600e+000
  3.4040497e+000
  3.3840312e+000
  3.3639092e+000
  3.3436881e+000
  3.3233723e+000
  3.3029659e+000
  3.2824730e+000
  3.2618974e+000
  3.2412428e+000
  3.2205128e+000
  3.1997108e+000
  3.1788402e+000
  3.1579041e+000
  3.1369056e+000
  3.1158477e+000
  3.0947332e+000
  3.0735649e+000
  3.0523455e+000
  3.0310774e+000
  3.0097632e+000
  2.9884053e+000
  2.9670059e+000
  2.9455673e+000
  2.9240915e+000
  2.9025808e+000
  2.8810369e+000
  2.8594620e+000
  2.8378578e+000
  2.8162261e+000
  2.7945687e+000
  2.7728873e+000
  2.7511834e+000
  2.7294587e+000
  2.7077146e+000
  2.6859528e+000
  2.6641745e+000
  2.6423812e+000
  2.6205742e+000
  2.5987548e+000
  2.5775381e+000
  2.5575135e+000
  2.5386447e+000
  2.5208961e+000
  2.5042333e+000
  2.4886228e+000
  2.4740317e+000
  2.4604282e+000
  2.4477811e+000
  2.4360602e+000
  2.4252357e+000
  2.4152788e+000
  2.4061612e+000
  2.3978554e+000
  2.3903344e+000
  2.3835719e+000
  2.3775422e+000
  2.3722203e+000
  2.3675816e+000
  2.3636020e+000
  2.3602582e+000
  2.3575273e+000
  2.3553869e+000
  2.3538152e+000
  2.3527908e+000
  2.3522929e+000
  2.3523012e+000
  2.3527959e+000
  2.3537575e+000
  2.3551671e+000
  2.3570063e+000
  2.3592572e+000
  2.3619022e+000
  2.3649243e+000
  2.3683068e+000
  2.3720335e+000
  2.3760887e+000
  2.3804570e+000
  2.3854598e+000
  2.3913997e+000
  2.3982349e+000
  2.4059243e+000
  2.4144277e+000
  2.4237059e+000
  2.4337207e+000
  2.4444346e+000
  2.4558113e+000
  2.4678152e+000
  2.4804120e+000
  2.4935680e+000
  2.5072508e+000
  2.5214288e+000
  2.5360713e+000
  2.5511486e+000
  2.5666322e+000
  2.5824942e+000
  2.5987078e+000
  2.6152473e+000
  2.6320877e+000
  2.6492049e+000
  2.6665758e+000
  2.6841783e+000
  2.7019909e+000
  2.7199931e+000
  2.7381654e+000
  2.7564887e+000
  2.7749451e+000
  2.7935173e+000
  2.8121888e+000
  2.8309439e+000
  2.8497674e+000
  2.8686450e+000
  2.8875632e+000
  2.9065088e+000
  2.9254696e+000
  2.9444338e+000
  2.9633902e+000
  2.9823284e+000
  3.0012383e+000
  3.0201105e+000
  3.0389361e+000
  3.0577066e+000
  3.0764142e+000
  3.0950513e+000
  3.1136110e+000
  3.1320866e+000
  3.1504720e+000
  3.1687614e+000
  3.1869495e+000
  3.2050312e+000
  3.2230018e+000
  3.2408570e+000
  3.2585929e+000
  3.2762056e+000
  3.2936917e+000
  3.3110483e+000
  3.3282722e+000
  3.3453611e+000
  3.3623124e+000
  3.3791241e+000
  3.3951043e+000
  3.4096021e+000
  3.4226751e+000
  3.4343788e+000
  3.4447666e+000
  3.4538897e+000
  3.4617975e+000
  3.4685373e+000
  3.4741548e+000
  3.4786937e+000
  3.4821964e+000
  3.4847032e+000
  3.4862532e+000
  3.4868839e+000
  3.4866312e+000
  3.4855298e+000
  3.4836131e+000
  3.4809129e+000
  3.4774603e+000
  3.4732847e+000
  3.4684146e+000
  3.4628774e+000
  3.4566994e+000
  3.4499060e+000
  3.4425214e+000
  3.4345691e+000
  3.4260716e+000
  3.4170504e+000
  3.4075265e+000
  3.3975197e+000
  3.3870495e+000
  3.3761341e+000
  3.3647916e+000
  3.3530388e+000
  3.3408924e+000
  3.3283681e+000
  3.3154811e+000
  3.3022461e+000
  3.2886772e+000
  3.2747878e+000
  3.2605911e+000
  3.2460995e+000
  3.2313251e+000
  3.2162795e+000
  3.2009738e+000
  3.1854188e+000
  3.1696247e+000
  3.1536016e+000
  3.1373589e+000
  3.1209058e+000
  3.1042513e+000
  3.0874037e+000
  3.0703714e+000
  3.0531622e+000
  3.0357836e+000
  3.0182430e+000
  3.0005475e+000
  2.9827037e+000
  2.9647182e+000
  2.9465974e+000
  2.9283472e+000
  2.9099734e+000
  2.8914817e+000
  2.8728775e+000
  2.8541660e+000
  2.8353522e+000
  2.8164409e+000
  2.7974369e+000
  2.7783445e+000
  2.7591683e+000
  2.7399122e+000
  2.7205804e+000
  2.7011767e+000
  2.6817050e+000
  2.6623788e+000
  2.6434025e+000
  2.6247664e+000
  2.6064611e+000
  2.5884775e+000
  2.5708071e+000
  2.5534414e+000
  2.5363723e+000
  2.5195921e+000
  2.5030934e+000
  2.4868689e+000
  2.4709118e+000
  2.4552153e+000
  2.4397731e+000
  2.4245790e+000
  2.4096270e+000
  2.3949115e+000
  2.3804268e+000
  2.3661677e+000
  2.3521291e+000
  2.3383060e+000
  2.3246937e+000
  2.3112876e+000
  2.2980833e+000
  2.2850765e+000
  2.2722631e+000
  2.2596392e+000
  2.2472010e+000
  2.2349448e+000
  2.2228670e+000
  2.2109643e+000
  2.1992332e+000
  2.1876708e+000
  2.1762738e+000
  2.1650393e+000
  2.1539645e+000
  2.1430465e+000
  2.1322828e+000
  2.1216707e+000
  2.1112077e+000
  2.1008915e+000
  2.0907197e+000
  2.0806900e+000
  2.0708002e+000
  2.0610484e+000
  2.0514323e+000
  2.0419501e+000
  2.0325998e+000
  2.0233795e+000
  2.0142876e+000
  2.0053221e+000
  1.9968648e+000
  1.9892794e+000
  1.9825374e+000
  1.9766108e+000
  1.9714722e+000
  1.9670946e+000
  1.9634516e+000
  1.9605171e+000
  1.9582658e+000
  1.9566726e+000
  1.9557129e+000
  1.9553626e+000
  1.9555981e+000
  1.9563963e+000
  1.9577344e+000
  1.9595903e+000
  1.9619422e+000
  1.9647688e+000
  1.9680493e+000
  1.9717633e+000
  1.9758911e+000
  1.9804131e+000
  1.9853106e+000
  1.9905649e+000
  1.9961582e+000
  2.0020729e+000
  2.0082920e+000
  2.0147990e+000
  2.0215777e+000
  2.0286124e+000
  2.0358881e+000
  2.0433899e+000
  2.0511036e+000
  2.0590154e+000
  2.0671119e+000
  2.0753801e+000
  2.0838076e+000
  2.0923823e+000
  2.1010924e+000
  2.1099268e+000
  2.1188746e+000
  2.1279254e+000
  2.1370690e+000
  2.1462959e+000
  2.1555968e+000
  2.1649626e+000
  2.1743849e+000
  2.1838555e+000
  2.1933664e+000
  2.2029102e+000
  2.2124796e+000
  2.2220677e+000
  2.2316681e+000
  2.2412743e+000
  2.2508804e+000
  2.2604807e+000
  2.2700697e+000
  2.2796424e+000
  2.2891938e+000
  2.2987193e+000
  2.3082144e+000
  2.3176749e+000
  2.3270970e+000
  2.3364770e+000
  2.3458112e+000
  2.3550963e+000
  2.3646150e+000
  2.3746331e+000
  2.3851235e+000
  2.3960594e+000
  2.4074152e+000
  2.4191659e+000
  2.4312872e+000
  2.4437557e+000
  2.4565487e+000
  2.4696441e+000
  2.4830209e+000
  2.4966584e+000
  2.5105370e+000
  2.5246375e+000
  2.5389417e+000
  2.5534319e+000
  2.5680911e+000
  2.5829029e+000
  2.5978518e+000
  2.6129226e+000
  2.6281011e+000
  2.6433733e+000
  2.6587261e+000
  2.6741468e+000
  2.6896234e+000
  2.7051444e+000
  2.7206987e+000
  2.7362759e+000
  2.7518661e+000
  2.7674597e+000
  2.7830477e+000
  2.7986217e+000
  2.8141734e+000
  2.8296951e+000
  2.8451797e+000
  2.8606202e+000
  2.8760101e+000
  2.8913433e+000
  2.9066141e+000
  2.9218170e+000
  2.9369468e+000
  2.9519989e+000
  2.9669687e+000
  2.9818521e+000
  2.9966452e+000
  3.0113442e+000
  3.0259460e+000
  3.0404472e+000
  3.0548450e+000
  3.0691369e+000
  3.0833202e+000
  3.0973928e+000
  3.1113526e+000
  3.1251977e+000
  3.1389266e+000
  3.1525376e+000
  3.1660295e+000
  3.1794010e+000
  3.1926511e+000
  3.2057789e+000
  3.2187836e+000
  3.2316647e+000
  3.2444216e+000
  3.2570538e+000
  3.2695611e+000
  3.2819433e+000
  3.2942003e+000
  3.3063321e+000
  3.3183387e+000
  3.3302204e+000
  3.3419774e+000
  3.3536099e+000
  3.3651184e+000
  3.3765033e+000
  3.3877651e+000
  3.3989044e+000
  3.4099217e+000
  3.4208178e+000
  3.4315933e+000
  3.4422491e+000
  3.4527857e+000
  3.4632042e+000
  3.4735054e+000
  3.4836900e+000
  3.4937592e+000
  3.5037137e+000
  3.5135547e+000
  3.5232830e+000
  3.5328996e+000
  3.5424057e+000
  3.5518022e+000
  3.5610902e+000
  3.5702708e+000
  3.5793451e+000
  3.5883140e+000
  3.5971789e+000
  3.6059407e+000
  3.6141737e+000
  3.6214761e+000
  3.6278836e+000
  3.6334307e+000
  3.6381506e+000
  3.6420752e+000
  3.6452354e+000
  3.6476609e+000
  3.6493801e+000
  3.6504207e+000
  3.6508092e+000
  3.6505711e+000
  3.6497309e+000
  3.6483124e+000
  3.6463384e+000
  3.6438308e+000
  3.6408109e+000
  3.6372989e+000
  3.6333146e+000
  3.6288768e+000
  3.6240037e+000
  3.6187129e+000
  3.6130213e+000
  3.6069452e+000
  3.6005001e+000
  3.5937013e+000
  3.5865632e+000
  3.5790999e+000
  3.5713249e+000
  3.5632511e+000
  3.5548911e+000
  3.5462569e+000
  3.5373602e+000
  3.5282122e+000
  3.5188236e+000
  3.5092049e+000
  3.4993660e+000
  3.4893167e+000
  3.4790662e+000
  3.4686235e+000
  3.4579972e+000
  3.4471957e+000
  3.4362270e+000
  3.4250988e+000
  3.4138186e+000
  3.4023935e+000
  3.3908306e+000
  3.3791364e+000
  3.3673175e+000
  3.3553800e+000
  3.3433300e+000
  3.3311732e+000
  3.3189152e+000
  3.3065615e+000
  3.2941171e+000
  3.2815871e+000
  3.2689763e+000
  3.2562894e+000
  3.2435309e+000
  3.2307052e+000
  3.2178164e+000
  3.2048686e+000
  3.1918657e+000
  3.1788115e+000
  3.1657097e+000
  3.1525637e+000
  3.1393770e+000
  3.1261529e+000
  3.1128946e+000
  3.0996051e+000
  3.0862874e+000
  3.0729445e+000
  3.0595790e+000
  3.0461937e+000
  3.0327912e+000
  3.0193740e+000
  3.0059446e+000
  2.9925053e+000
  2.9790585e+000
  2.9656062e+000
  2.9521508e+000
  2.9386942e+000
  2.9252386e+000
  2.9117858e+000
  2.8983377e+000
  2.8848963e+000
  2.8714633e+000
  2.8580404e+000
  2.8446293e+000
  2.8312317e+000
  2.8176237e+000
  2.8035918e+000
  2.7891527e+000
  2.7743222e+000
  2.7591159e+000
  2.7435484e+000
  2.7276339e+000
  2.7113860e+000
  2.6948179e+000
  2.6779421e+000
  2.6607707e+000
  2.6433153e+000
  2.6255870e+000
  2.6075967e+000
  2.5893545e+000
  2.5708705e+000
  2.5521540e+000
  2.5332143e+000
  2.5140600e+000
  2.4946998e+000
  2.4751416e+000
  2.4553932e+000
  2.4354622e+000
  2.4153557e+000
  2.3950807e+000
  2.3746437e+000
  2.3540512e+000
  2.3333093e+000
  2.3124238e+000
  2.2914005e+000
  2.2702448e+000
  2.2489620e+000
  2.2275569e+000
  2.2060345e+000
  2.1843995e+000
  2.1626562e+000
  2.1408089e+000
  2.1188618e+000
  2.0968189e+000
  2.0746839e+000
  2.0524604e+000
  2.0301521e+000
  2.0077623e+000
  1.9852941e+000
  1.9627508e+000
  1.9401354e+000
  1.9174507e+000
  1.8946995e+000
  1.8718844e+000
  1.8490081e+000
  1.8260729e+000
  1.8030813e+000
  1.7800355e+000
  1.7569377e+000
  1.7337901e+000
  1.7105946e+000
  1.6873532e+000
  1.6640677e+000
  1.6407400e+000
  1.6173718e+000
  1.5939648e+000
  1.5705205e+000
  1.5470406e+000
  1.5235264e+000
  1.4999795e+000
  1.4764011e+000
  1.4527927e+000
  1.4291556e+000
  1.4054908e+000
  1.3817997e+000
  1.3580833e+000
  1.3343429e+000
  1.3105793e+000
  1.2867937e+000
  1.2629871e+000
  1.2391604e+000
  1.2153145e+000
  1.1914503e+000
  1.1675688e+000
  1.1436706e+000
  1.1197567e+000
  1.0958278e+000
  1.0718847e+000
  1.0479282e+000
  1.0239588e+000
  9.9997746e-001
  9.7598471e-001
  9.5198125e-001
  9.2796774e-001
  9.0394482e-001
  8.7991310e-001
  8.5587321e-001
  8.3182575e-001
  8.0777132e-001
  7.8371051e-001
  7.5964393e-001
  7.3557215e-001
  7.1149577e-001
  6.8741537e-001
  6.6337127e-001
  6.3940361e-001
  6.1551294e-001
  5.9170004e-001
  5.6796595e-001
  5.4431200e-001
  5.2073984e-001
  4.9725148e-001
  4.7384931e-001
  4.5053616e-001
  4.2731540e-001
  4.0419094e-001
  3.8116742e-001
  3.5825023e-001
  3.3544573e-001
  3.1276139e-001
  2.9020606e-001
  2.6779029e-001
  2.4552669e-001
  2.2343057e-001
  2.0152066e-001
  1.7982028e-001
  1.5835891e-001
  1.3717471e-001
  1.1631842e-001
  9.5860026e-002
  7.5900767e-002
  5.6597114e-002
  3.8215925e-002
  2.1292077e-002
  7.3001964e-003
  3.5308853e-003
  1.4527944e-002
  1.2518933e-001
  2.9131975e-001
  4.7037409e-001
  6.5363062e-001
  8.3740874e-001
  1.0197521e+000
  1.1994990e+000
  1.3759180e+000
  1.5485355e+000
  1.7170440e+000
  1.8812479e+000
  2.0410302e+000
  2.1963305e+000
  2.3471302e+000
  2.4934417e+000
  2.6353006e+000
  2.7727606e+000
  2.9058887e+000
  3.0347622e+000
  3.1594660e+000
  3.2800908e+000
  3.3967313e+000
  3.5094851e+000
  3.6184517e+000
  3.7237314e+000
  3.8254252e+000
  3.9236336e+000
  4.0184567e+000
  4.1099936e+000
  4.1983421e+000
  4.2835985e+000
  4.3658575e+000
  4.4452121e+000
  4.5217533e+000
  4.5955701e+000
  4.6667493e+000
  4.7353759e+000
  4.8015326e+000
  4.8652999e+000
  4.9267562e+000
  4.9859778e+000
  5.0430389e+000
  5.0980114e+000
  5.1509653e+000
  5.2019684e+000
  5.2510867e+000
  5.2983838e+000
  5.3439218e+000
  5.3877606e+000
  5.4299583e+000
  5.4705712e+000
  5.5096537e+000
  5.5472587e+000
  5.5834371e+000
  5.6182385e+000
  5.6517105e+000
  5.6838993e+000
  5.7148498e+000
  5.7446051e+000
  5.7732070e+000
  5.8006959e+000
  5.8271109e+000
  5.8524897e+000
  5.8768688e+000
  5.9002833e+000
  5.9227674e+000
  5.9443539e+000
  5.9650746e+000
  5.9849601e+000
  6.0040402e+000
  6.0223433e+000
  6.0398972e+000
  6.0567285e+000
  6.0728630e+000
  6.0883256e+000
  6.1031401e+000
  6.1173299e+000
  6.1304614e+000
  6.1421253e+000
  6.1523793e+000
  6.1612786e+000
  6.1688763e+000
  6.1752234e+000
  6.1803690e+000
  6.1843601e+000
  6.1872421e+000
  6.1890584e+000
  6.1898508e+000
  6.1896595e+000
  6.1889987e+000
  6.1883565e+000
  6.1877322e+000
  6.1871252e+000
  6.1865349e+000
  6.1859608e+000
  6.1854023e+000
  6.1848588e+000
  6.1843300e+000
  6.1838152e+000
  6.1833140e+000
  6.1828260e+000
  6.1823507e+000
  6.1818877e+000
  6.1814366e+000
  6.1809970e+000
  6.1805685e+000
  6.1801506e+000
  6.1797432e+000
  6.1793458e+000
  6.1789581e+000
  6.1785798e+000
  6.1782106e+000
  6.1778501e+000
  6.1774981e+000
  6.1771543e+000
  6.1768185e+000
  6.1764903e+000
  6.1756985e+000
  6.1739964e+000
  6.1714197e+000
  6.1680028e+000
  6.1637786e+000
  6.1587786e+000
  6.1530335e+000
  6.1465724e+000
  6.1394234e+000
  6.1316136e+000
  6.1231687e+000
  6.1141139e+000
  6.1044729e+000
  6.0942689e+000
  6.0835240e+000
  6.0722593e+000
  6.0604953e+000
  6.0482517e+000
  6.0355472e+000
  6.0224000e+000
  6.0088274e+000
  5.9948463e+000
  5.9804727e+000
  5.9657219e+000
  5.9506089e+000
  5.9351479e+000
  5.9193526e+000
  5.9032362e+000
  5.8868112e+000
  5.8700900e+000
  5.8530840e+000
  5.8358046e+000
  5.8182626e+000
  5.8004682e+000
  5.7824316e+000
  5.7641621e+000
  5.7456690e+000
  5.7269612e+000
  5.7080472e+000
  5.6889350e+000
  5.6696326e+000
  5.6501474e+000
  5.6304867e+000
  5.6106575e+000
  5.5906665e+000
  5.5705200e+000
  5.5502242e+000
  5.5297851e+000
  5.5092084e+000
  5.4884995e+000
  5.4676637e+000
  5.4467061e+000
  5.4256315e+000
  5.4044446e+000
  5.3831499e+000
  5.3617517e+000
  5.3402541e+000
  5.3186612e+000
  5.2969768e+000
  5.2752045e+000
  5.2533479e+000
  5.2314103e+000
  5.2093952e+000
  5.1873055e+000
  5.1651443e+000
  5.1429145e+000
  5.1206190e+000
  5.0982603e+000
  5.0758411e+000
  5.0533638e+000
  5.0308277e+000
  5.0082319e+000
  4.9855789e+000
  4.9628709e+000
  4.9401103e+000
  4.9172991e+000
  4.8944395e+000
  4.8715334e+000
  4.8485828e+000
  4.8255893e+000
  4.8025549e+000
  4.7794813e+000
  4.7563699e+000
  4.7332225e+000
  4.7100404e+000
  4.6868253e+000
  4.6635783e+000
  4.6403010e+000
  4.6169945e+000
  4.5936602e+000
  4.5702991e+000
  4.5469125e+000
  4.5235014e+000
  4.5000670e+000
  4.4766101e+000
  4.4531319e+000
  4.4296332e+000
  4.4061149e+000
  4.3825780e+000
  4.3590232e+000
  4.3354514e+000
  4.3118633e+000
  4.2882597e+000
  4.2646414e+000
  4.2410089e+000
  4.2173630e+000
  4.1937043e+000
  4.1700335e+000
  4.1463510e+000
  4.1226576e+000
  4.0989537e+000
  4.0752399e+000
  4.0515167e+000
  4.0277846e+000
  4.0040441e+000
  3.9802955e+000
  3.9565395e+000
  3.9327763e+000
  3.9090065e+000
  3.8852303e+000
  3.8614483e+000
  3.8376607e+000
  3.8138679e+000
  3.7900884e+000
  3.7663397e+000
  3.7426210e+000
  3.7189316e+000
  3.6952707e+000
  3.6716374e+000
  3.6480312e+000
  3.6244514e+000
  3.6008973e+000
  3.5773684e+000
  3.5538640e+000
  3.5303836e+000
  3.5069266e+000
  3.4834927e+000
  3.4600813e+000
  3.4366920e+000
  3.4133243e+000
  3.3899778e+000
  3.3666522e+000
  3.3433471e+000
  3.3200622e+000
  3.2967971e+000
  3.2735515e+000
  3.2503252e+000
  3.2271179e+000
  3.2039293e+000
  3.1807592e+000
  3.1576074e+000
  3.1344738e+000
  3.1113580e+000
  3.0882599e+000
  3.0651795e+000
  3.0421164e+000
  3.0190707e+000
  2.9960421e+000
  2.9730307e+000
  2.9500362e+000
  2.9270587e+000
  2.9040980e+000
  2.8811541e+000
  2.8582269e+000
  2.8353164e+000
  2.8124227e+000
  2.7895456e+000
  2.7666852e+000
  2.7438415e+000
  2.7210146e+000
  2.6982043e+000
  2.6754108e+000
  2.6526342e+000
  2.6298745e+000
  2.6071317e+000
  2.5844059e+000
  2.5616973e+000
  2.5390059e+000
  2.5163318e+000
  2.4936752e+000
  2.4710361e+000
  2.4484147e+000
  2.4258112e+000
  2.4032257e+000
  2.3806584e+000
  2.3581093e+000
  2.3355788e+000
  2.3130670e+000
  2.2905741e+000
  2.2681003e+000
  2.2456459e+000
  2.2232110e+000
  2.2007959e+000
  2.1784009e+000
  2.1560262e+000
  2.1336721e+000
  2.1113388e+000
  2.0890267e+000
  2.0667361e+000
  2.0444672e+000
  2.0222204e+000
  1.9999961e+000
  1.9777946e+000
  1.9556163e+000
  1.9334615e+000
  1.9113306e+000
  1.8892240e+000
  1.8671422e+000
  1.8450856e+000
  1.8230546e+000
  1.8010497e+000
  1.7790713e+000
  1.7571200e+000
  1.7351963e+000
  1.7133008e+000
  1.6914338e+000
  1.6695961e+000
  1.6477882e+000
  1.6260107e+000
  1.6042642e+000
  1.5825495e+000
  1.5608671e+000
  1.5397269e+000
  1.5196210e+000
  1.5005244e+000
  1.4824125e+000
  1.4652613e+000
  1.4490473e+000
  1.4337475e+000
  1.4193392e+000
  1.4058002e+000
  1.3931087e+000
  1.3812429e+000
  1.3701816e+000
  1.3599038e+000
  1.3503885e+000
  1.3416153e+000
  1.3335637e+000
  1.3262135e+000
  1.3195446e+000
  1.3135372e+000
  1.3081716e+000
  1.3034281e+000
  1.2992875e+000
  1.2957304e+000
  1.2927378e+000
  1.2902907e+000
  1.2883704e+000
  1.2869583e+000
  1.2860359e+000
  1.2855852e+000
  1.2855881e+000
  1.2860267e+000
  1.2868836e+000
  1.2881415e+000
  1.2897831e+000
  1.2917917e+000
  1.2941508e+000
  1.2968441e+000
  1.2998556e+000
  1.3031695e+000
  1.3067706e+000
  1.3106438e+000
  1.3147743e+000
  1.3191478e+000
  1.3237502e+000
  1.3285678e+000
  1.3335872e+000
  1.3387955e+000
  1.3441800e+000
  1.3497284e+000
  1.3552144e+000
  1.3604248e+000
  1.3653668e+000
  1.3700477e+000
  1.3744748e+000
  1.3786551e+000
  1.3825956e+000
  1.3863032e+000
  1.3897846e+000
  1.3930466e+000
  1.3960956e+000
  1.3989382e+000
  1.4015805e+000
  1.4040289e+000
  1.4062894e+000
  1.4083680e+000
  1.4102706e+000
  1.4120028e+000
  1.4135703e+000
  1.4149786e+000
  1.4162331e+000
  1.4173391e+000
  1.4183016e+000
  1.4191258e+000
  1.4198165e+000
  1.4203786e+000
  1.4208168e+000
  1.4211357e+000
  1.4213398e+000
  1.4214333e+000
  1.4214207e+000
  1.4213061e+000
  1.4210936e+000
  1.4207870e+000
  1.4203904e+000
  1.4199074e+000
  1.4193418e+000
  1.4186971e+000
  1.4179768e+000
  1.4171844e+000
  1.4163231e+000
  1.4151988e+000
  1.4136276e+000
  1.4116276e+000
  1.4092162e+000
  1.4064105e+000
  1.4032267e+000
  1.3996807e+000
  1.3957881e+000
  1.3915636e+000
  1.3870219e+000
  1.3821767e+000
  1.3770418e+000
  1.3716303e+000
  1.3659549e+000
  1.3600281e+000
  1.3538617e+000
  1.3474674e+000
  1.3408565e+000
  1.3340399e+000
  1.3270281e+000
  1.3198316e+000
  1.3124602e+000
  1.3049236e+000
  1.2972313e+000
  1.2893923e+000
  1.2814156e+000
  1.2733097e+000
  1.2650831e+000
  1.2567438e+000
  1.2482997e+000
  1.2397585e+000
  1.2315766e+000
  1.2241899e+000
  1.2175761e+000
  1.2117126e+000
  1.2065771e+000
  1.2021472e+000
  1.1984006e+000
  1.1953152e+000
  1.1928688e+000
  1.1910394e+000
  1.1898050e+000
  1.1891440e+000
  1.1890346e+000
  1.1894553e+000
  1.1903849e+000
  1.1918022e+000
  1.1936863e+000
  1.1960166e+000
  1.1987727e+000
  1.2019345e+000
  1.2054822e+000
  1.2093964e+000
  1.2136580e+000
  1.2182482e+000
  1.2231485e+000
  1.2283412e+000
  1.2338085e+000
  1.2395334e+000
  1.2454991e+000
  1.2516893e+000
  1.2580883e+000
  1.2646807e+000
  1.2714515e+000
  1.2783864e+000
  1.2854713e+000
  1.2926927e+000
  1.3000377e+000
  1.3074936e+000
  1.3150484e+000
  1.3226904e+000
  1.3304084e+000
  1.3381917e+000
  1.3460299e+000
  1.3539134e+000
  1.3618326e+000
  1.3697785e+000
  1.3777426e+000
  1.3857167e+000
  1.3936930e+000
  1.4016642e+000
  1.4096232e+000
  1.4175633e+000
  1.4254784e+000
  1.4333624e+000
  1.4412098e+000
  1.4490153e+000
  1.4567739e+000
  1.4644810e+000
  1.4721321e+000
  1.4797233e+000
  1.4872507e+000
  1.4947107e+000
  1.5021002e+000
  1.5094159e+000
  1.5166552e+000
  1.5238153e+000
  1.5308941e+000
  1.5378892e+000
  1.5447987e+000
  1.5516208e+000
  1.5583540e+000
  1.5649967e+000
  1.5715477e+000
  1.5780060e+000
  1.5843705e+000
  1.5906404e+000
  1.5968150e+000
  1.6028938e+000
  1.6088763e+000
  1.6146264e+000
  1.6200160e+000
  1.6250563e+000
  1.6297587e+000
  1.6341339e+000
  1.6381926e+000
  1.6419451e+000
  1.6454017e+000
  1.6485722e+000
  1.6514663e+000
  1.6540934e+000
  1.6564626e+000
  1.6585831e+000
  1.6604634e+000
  1.6621120e+000
  1.6635374e+000
  1.6647475e+000
  1.6657502e+000
  1.6665531e+000
  1.6671637e+000
  1.6675892e+000
  1.6678368e+000
  1.6679132e+000
  1.6678251e+000
  1.6675791e+000
  1.6671813e+000
  1.6666381e+000
  1.6659553e+000
  1.6651387e+000
  1.6641940e+000
  1.6631266e+000
  1.6619419e+000
  1.6606451e+000
  1.6592411e+000
  1.6577349e+000
  1.6561311e+000
  1.6544345e+000
  1.6526494e+000
  1.6507802e+000
  1.6488312e+000
  1.6468063e+000
  1.6447096e+000
  1.6425449e+000
  1.6403159e+000
  1.6380263e+000
  1.6356796e+000
  1.6332792e+000
  1.6308284e+000
  1.6283303e+000
  1.6257882e+000
  1.6232049e+000
  1.6205835e+000
  1.6179268e+000
  1.6152374e+000
  1.6125181e+000
  1.6097713e+000
  1.6069997e+000
  1.6042055e+000
  1.6013912e+000
  1.5985590e+000
  1.5957109e+000
  1.5928493e+000
  1.5899760e+000
  1.5870931e+000
  1.5842025e+000
  1.5813059e+000
  1.5784052e+000
  1.5755021e+000
  1.5721725e+000
  1.5680133e+000
  1.5630573e+000
  1.5573355e+000
  1.5508781e+000
  1.5437139e+000
  1.5358706e+000
  1.5273749e+000
  1.5182522e+000
  1.5085273e+000
  1.4982237e+000
  1.4873641e+000
  1.4759704e+000
  1.4640634e+000
  1.4516633e+000
  1.4387895e+000
  1.4254605e+000
  1.4116943e+000
  1.3975078e+000
  1.3829177e+000
  1.3679397e+000
  1.3525891e+000
  1.3368805e+000
  1.3208279e+000
  1.3044449e+000
  1.2877443e+000
  1.2707387e+000
  1.2534401e+000
  1.2358599e+000
  1.2180092e+000
  1.1998986e+000
  1.1815383e+000
  1.1629381e+000
  1.1441074e+000
  1.1250553e+000
  1.1057905e+000
  1.0863214e+000
  1.0666559e+000
  1.0468017e+000
  1.0267664e+000
  1.0065570e+000
  9.8618039e-001
  9.6564310e-001
  9.4495147e-001
  9.2411158e-001
  9.0541612e-001
  8.9109677e-001
  8.8105573e-001
  8.7517843e-001
  8.7333332e-001
  8.7537230e-001
  8.8113201e-001
  8.9043549e-001
  9.0309447e-001
  9.1891189e-001
  9.3768459e-001
  9.5920603e-001
  9.8326883e-001
  1.0096671e+000
  1.0381986e+000
  1.0686663e+000
  1.1008799e+000
  1.1346568e+000
  1.1698231e+000
  1.2062140e+000
  1.2436738e+000
  1.2820567e+000
  1.3212260e+000
  1.3610547e+000
  1.4014244e+000
  1.4422257e+000
  1.4833576e+000
  1.5247269e+000
  1.5662481e+000
  1.6078427e+000
  1.6494389e+000
  1.6909714e+000
  1.7323804e+000
  1.7736120e+000
  1.8146170e+000
  1.8553514e+000
  1.8957751e+000
  1.9358526e+000
  1.9755518e+000
  2.0148443e+000
  2.0537048e+000
  2.0921112e+000
  2.1300439e+000
  2.1674861e+000
  2.2044232e+000
  2.2408427e+000
  2.2767342e+000
  2.3120891e+000
  2.3469004e+000
  2.3811626e+000
  2.4148718e+000
  2.4480251e+000
  2.4806210e+000
  2.5126590e+000
  2.5441395e+000
  2.5750638e+000
  2.6054340e+000
  2.6352531e+000
  2.6645244e+000
  2.6932522e+000
  2.7214410e+000
  2.7490959e+000
  2.7762224e+000
  2.8028265e+000
  2.8289143e+000
  2.8544925e+000
  2.8795677e+000
  2.9041470e+000
  2.9282375e+000
  2.9518467e+000
  2.9749820e+000
  2.9976509e+000
  3.0193028e+000
  3.0394218e+000
  3.0580660e+000
  3.0752917e+000
  3.0911529e+000
  3.1057018e+000
  3.1189885e+000
  3.1310614e+000
  3.1419670e+000
  3.1517502e+000
  3.1604542e+000
  3.1681206e+000
  3.1747893e+000
  3.1804991e+000
  3.1852869e+000
  3.1891886e+000
  3.1922386e+000
  3.1944700e+000
  3.1959147e+000
  3.1966035e+000
  3.1965660e+000
  3.1958306e+000
  3.1944247e+000
  3.1923748e+000
  3.1897063e+000
  3.1864437e+000
  3.1826104e+000
  3.1782293e+000
  3.1733222e+000
  3.1679100e+000
  3.1620131e+000
  3.1556509e+000
  3.1488422e+000
  3.1416051e+000
  3.1339571e+000
  3.1259148e+000
  3.1174944e+000
  3.1087114e+000
  3.0995809e+000
  3.0901173e+000
  3.0803344e+000
  3.0702456e+000
  3.0598638e+000
  3.0492014e+000
  3.0382704e+000
  3.0270823e+000
  3.0156482e+000
  3.0039787e+000
  2.9920843e+000
  2.9799747e+000
  2.9676596e+000
  2.9551483e+000
  2.9424495e+000
  2.9295719e+000
  2.9165237e+000
  2.9033128e+000
  2.8899471e+000
  2.8764338e+000
  2.8627801e+000
  2.8489929e+000
  2.8350789e+000
  2.8210444e+000
  2.8075196e+000
  2.7951055e+000
  2.7837653e+000
  2.7734633e+000
  2.7641645e+000
  2.7558348e+000
  2.7484409e+000
  2.7419505e+000
  2.7363317e+000
  2.7315537e+000
  2.7275863e+000
  2.7243999e+000
  2.7219658e+000
  2.7202559e+000
  2.7192428e+000
  2.7188999e+000
  2.7187682e+000
  2.7184125e+000
  2.7178416e+000
  2.7170643e+000
  2.7160887e+000
  2.7149229e+000
  2.7135748e+000
  2.7120517e+000
  2.7103610e+000
  2.7085097e+000
  2.7065045e+000
  2.7043522e+000
  2.7020590e+000
  2.6996311e+000
  2.6970744e+000
  2.6941295e+000
  2.6905504e+000
  2.6863622e+000
  2.6815892e+000
  2.6762546e+000
  2.6703810e+000
  2.6639898e+000
  2.6571020e+000
  2.6497374e+000
  2.6419155e+000
  2.6336548e+000
  2.6249732e+000
  2.6158878e+000
  2.6064154e+000
  2.5965717e+000
  2.5863723e+000
  2.5758319e+000
  2.5649649e+000
  2.5537848e+000
  2.5423051e+000
  2.5305384e+000
  2.5184970e+000
  2.5061928e+000
  2.4936372e+000
  2.4808413e+000
  2.4678155e+000
  2.4545701e+000
  2.4411150e+000
  2.4274596e+000
  2.4136132e+000
  2.3995846e+000
  2.3853822e+000
  2.3710144e+000
  2.3564890e+000
  2.3418136e+000
  2.3269958e+000
  2.3120426e+000
  2.2969609e+000
  2.2828563e+000
  2.2707849e+000
  2.2606800e+000
  2.2524755e+000
  2.2461059e+000
  2.2415061e+000
  2.2386119e+000
  2.2373596e+000
  2.2376863e+000
  2.2395296e+000
  2.2428281e+000
  2.2475210e+000
  2.2531860e+000
  2.2594223e+000
  2.2662028e+000
  2.2735008e+000
  2.2812905e+000
  2.2895466e+000
  2.2982446e+000
  2.3073606e+000
  2.3168715e+000
  2.3267548e+000
  2.3369885e+000
  2.3475516e+000
  2.3584234e+000
  2.3695842e+000
  2.3810147e+000
  2.3926963e+000
  2.4046111e+000
  2.4167418e+000
  2.4290715e+000
  2.4415843e+000
  2.4542646e+000
  2.4670975e+000
  2.4800686e+000
  2.4931642e+000
  2.5063709e+000
  2.5196761e+000
  2.5330675e+000
  2.5465335e+000
  2.5600630e+000
  2.5736452e+000
  2.5872699e+000
  2.6009274e+000
  2.6146084e+000
  2.6283039e+000
  2.6420056e+000
  2.6557054e+000
  2.6693956e+000
  2.6830690e+000
  2.6967188e+000
  2.7103383e+000
  2.7239215e+000
  2.7374624e+000
  2.7509555e+000
  2.7643957e+000
  2.7777780e+000
  2.7910978e+000
  2.8043508e+000
  2.8175329e+000
  2.8306402e+000
  2.8436693e+000
  2.8566167e+000
  2.8694795e+000
  2.8822546e+000
  2.8949395e+000
  2.9075316e+000
  2.9200288e+000
  2.9324288e+000
  2.9447299e+000
  2.9569301e+000
  2.9690280e+000
  2.9810221e+000
  2.9929112e+000
  3.0046940e+000
  3.0163696e+000
  3.0279371e+000
  3.0393957e+000
  3.0507448e+000
  3.0619837e+000
  3.0731122e+000
  3.0841298e+000
  3.0950363e+000
  3.1058315e+000
  3.1165154e+000
  3.1270880e+000
  3.1375492e+000
  3.1478994e+000
  3.1581387e+000
  3.1682673e+000
  3.1782857e+000
  3.1881942e+000
  3.1979932e+000
  3.2076833e+000
  3.2172650e+000
  3.2267388e+000
  3.2361054e+000
  3.2453655e+000
  3.2545197e+000
  3.2635687e+000
  3.2725134e+000
  3.2813545e+000
  3.2900928e+000
  3.2987291e+000
  3.3072644e+000
  3.3156994e+000
  3.3240350e+000
  3.3322722e+000
  3.3404119e+000
  3.3484550e+000
  3.3569577e+000
  3.3664447e+000
  3.3768711e+000
  3.3881930e+000
  3.4003678e+000
  3.4133539e+000
  3.4271109e+000
  3.4415997e+000
  3.4567821e+000
  3.4726212e+000
  3.4890812e+000
  3.5061272e+000
  3.5237258e+000
  3.5418443e+000
  3.5604512e+000
  3.5795160e+000
  3.5990095e+000
  3.6189032e+000
  3.6391698e+000
  3.6597828e+000
  3.6807168e+000
  3.7019474e+000
  3.7234510e+000
  3.7452050e+000
  3.7671876e+000
  3.7893780e+000
  3.8117561e+000
  3.8343026e+000
  3.8569993e+000
  3.8798285e+000
  3.9027733e+000
  3.9258175e+000
  3.9489459e+000
  3.9721436e+000
  3.9953967e+000
  4.0186918e+000
  4.0420160e+000
  4.0653574e+000
  4.0887044e+000
  4.1120459e+000
  4.1353717e+000
  4.1586717e+000
  4.1819368e+000
  4.2051579e+000
  4.2283268e+000
  4.2514355e+000
  4.2744766e+000
  4.2974429e+000
  4.3203280e+000
  4.3431254e+000
  4.3658294e+000
  4.3884345e+000
  4.4109355e+000
  4.4333276e+000
  4.4556064e+000
  4.4777676e+000
  4.4998074e+000
  4.5217221e+000
  4.5435085e+000
  4.5651634e+000
  4.5866840e+000
  4.6080677e+000
  4.6293122e+000
  4.6504152e+000
  4.6713750e+000
  4.6921895e+000
  4.7128574e+000
  4.7333772e+000
  4.7537477e+000
  4.7739678e+000
  4.7940366e+000
  4.8139533e+000
  4.8337173e+000
  4.8533280e+000
  4.8727852e+000
  4.8920884e+000
  4.9112377e+000
  4.9302328e+000
  4.9490739e+000
  4.9677610e+000
  4.9862945e+000
  5.0039737e+000
  5.0201386e+000
  5.0348480e+000
  5.0481586e+000
  5.0601249e+000
  5.0707992e+000
  5.0802320e+000
  5.0884717e+000
  5.0955647e+000
  5.1015560e+000
  5.1064884e+000
  5.1104035e+000
  5.1133410e+000
  5.1153391e+000
  5.1164347e+000
  5.1166631e+000
  5.1160582e+000
  5.1146529e+000
  5.1124784e+000
  5.1095650e+000
  5.1059419e+000
  5.1016368e+000
  5.0966767e+000
  5.0910873e+000
  5.0848935e+000
  5.0781192e+000
  5.0707873e+000
  5.0629199e+000
  5.0545381e+000
  5.0456624e+000
  5.0363124e+000
  5.0265070e+000
  5.0162642e+000
  5.0056015e+000
  4.9945357e+000
  4.9830828e+000
  4.9712585e+000
  4.9590775e+000
  4.9465542e+000
  4.9337023e+000
  4.9205353e+000
  4.9070656e+000
  4.8933058e+000
  4.8792674e+000
  4.8649618e+000
  4.8504000e+000
  4.8355924e+000
  4.8205491e+000
  4.8052797e+000
  4.7897937e+000
  4.7740999e+000
  4.7582071e+000
  4.7421234e+000
  4.7258569e+000
  4.7094152e+000
  4.6927313e+000
  4.6757415e+000
  4.6584577e+000
  4.6408915e+000
  4.6230539e+000
  4.6049555e+000
  4.5866067e+000
  4.5680172e+000
  4.5491965e+000
  4.5301536e+000
  4.5108973e+000
  4.4914359e+000
  4.4717775e+000
  4.4519297e+000
  4.4319001e+000
  4.4116957e+000
  4.3913235e+000
  4.3707899e+000
  4.3501013e+000
  4.3292639e+000
  4.3082834e+000
  4.2871654e+000
  4.2659154e+000
  4.2445385e+000
  4.2230397e+000
  4.2014238e+000
  4.1796954e+000
  4.1578589e+000
  4.1359185e+000
  4.1138784e+000
  4.0917423e+000
  4.0695142e+000
  4.0471976e+000
  4.0247959e+000
  4.0023125e+000
  3.9797507e+000
  3.9571135e+000
  3.9344039e+000
  3.9116246e+000
  3.8887785e+000
  3.8658682e+000
  3.8428961e+000
  3.8198648e+000
  3.7967764e+000
  3.7736334e+000
  3.7504378e+000
  3.7271917e+000
  3.7038971e+000
  3.6805558e+000
  3.6571698e+000
  3.6337407e+000
  3.6102703e+000
  3.5867602e+000
  3.5632119e+000
  3.5396270e+000
  3.5160069e+000
  3.4923529e+000
  3.4686665e+000
  3.4449489e+000
  3.4212013e+000
  3.3974248e+000
  3.3736207e+000
  3.3497901e+000
  3.3259339e+000
  3.3020531e+000
  3.2781489e+000
  3.2542219e+000
  3.2302733e+000
  3.2063310e+000
  3.1824218e+000
  3.1585450e+000
  3.1346997e+000
  3.1108850e+000
  3.0871001e+000
  3.0633445e+000
  3.0396173e+000
  3.0159178e+000
  2.9922455e+000
  2.9685998e+000
  2.9449801e+000
  2.9213858e+000
  2.8978164e+000
  2.8742714e+000
  2.8507504e+000
  2.8272530e+000
  2.8037787e+000
  2.7803272e+000
  2.7568980e+000
  2.7334910e+000
  2.7101056e+000
  2.6867417e+000
  2.6633990e+000
  2.6400771e+000
  2.6167760e+000
  2.5934953e+000
  2.5702349e+000
  2.5469946e+000
  2.5237742e+000
  2.5005735e+000
  2.4773926e+000
  2.4542312e+000
  2.4310892e+000
  2.4079667e+000
  2.3848634e+000
  2.3617794e+000
  2.3387146e+000
  2.3156691e+000
  2.2926428e+000
  2.2696357e+000
  2.2466478e+000
  2.2236793e+000
  2.2007301e+000
  2.1778003e+000
  2.1548900e+000
  2.1319994e+000
  2.1091284e+000
  2.0862773e+000
  2.0634462e+000
  2.0406351e+000
  2.0178444e+000
  1.9950742e+000
  1.9723246e+000
  1.9495960e+000
  1.9268884e+000
  1.9042022e+000
  1.8815375e+000
  1.8588948e+000
  1.8362742e+000
  1.8136761e+000
  1.7911007e+000
  1.7685485e+000
  1.7460197e+000
  1.7235148e+000
  1.7010341e+000
  1.6785780e+000
  1.6561469e+000
  1.6337413e+000
  1.6113617e+000
  1.5890085e+000
  1.5666823e+000
  1.5443835e+000
  1.5221128e+000
  1.4998706e+000
  1.4776576e+000
  1.4554744e+000
  1.4333217e+000
  1.4112002e+000
  1.3891105e+000
  1.3670534e+000
  1.3450297e+000
  1.3230402e+000
  1.3010857e+000
  1.2791670e+000
  1.2572852e+000
  1.2354412e+000
  1.2136360e+000
  1.1918706e+000
  1.1701461e+000
  1.1484636e+000
  1.1268245e+000
  1.1052299e+000
  1.0836811e+000
  1.0621795e+000
  1.0407266e+000
  1.0193239e+000
  9.9957467e-001
  9.8303844e-001
  9.6964631e-001
  9.5932267e-001
  9.5198484e-001
  9.4754301e-001
  9.4590033e-001
  9.4695325e-001
  9.5059211e-001
  9.5670177e-001
  9.6516258e-001
  9.7585124e-001
  9.8864190e-001
  1.0034071e+000
  1.0200190e+000
  1.0383500e+000
  1.0582740e+000
  1.0796669e+000
  1.1024076e+000
  1.1263783e+000
  1.1514653e+000
  1.1775591e+000
  1.2045549e+000
  1.2323525e+000
  1.2608571e+000
  1.2899785e+000
  1.3196318e+000
  1.3497368e+000
  1.3802185e+000
  1.4110065e+000
  1.4420350e+000
  1.4732429e+000
  1.5045731e+000
  1.5359728e+000
  1.5673932e+000
  1.5987891e+000
  1.6301189e+000
  1.6613442e+000
  1.6924301e+000
  1.7233444e+000
  1.7540579e+000
  1.7845438e+000
  1.8147780e+000
  1.8447386e+000
  1.8744060e+000
  1.9037625e+000
  1.9327923e+000
  1.9614815e+000
  1.9898777e+000
  2.0180260e+000
  2.0459105e+000
  2.0735170e+000
  2.1008329e+000
  2.1278467e+000
  2.1545484e+000
  2.1809289e+000
  2.2069805e+000
  2.2326965e+000
  2.2580709e+000
  2.2830989e+000
  2.3077765e+000
  2.3321004e+000
  2.3560680e+000
  2.3796775e+000
  2.4029275e+000
  2.4258174e+000
  2.4483471e+000
  2.4705169e+000
  2.4923275e+000
  2.5137803e+000
  2.5348767e+000
  2.5556188e+000
  2.5760088e+000
  2.5960492e+000
  2.6157428e+000
  2.6350928e+000
  2.6541024e+000
  2.6727750e+000
  2.6911144e+000
  2.7091242e+000
  2.7268085e+000
  2.7441714e+000
  2.7612169e+000
  2.7774167e+000
  2.7922745e+000
  2.8058418e+000
  2.8181678e+000
  2.8293001e+000
  2.8392845e+000
  2.8481653e+000
  2.8559848e+000
  2.8627840e+000
  2.8686023e+000
  2.8734778e+000
  2.8774469e+000
  2.8805448e+000
  2.8828055e+000
  2.8842615e+000
  2.8849444e+000
  2.8848843e+000
  2.8841104e+000
  2.8826508e+000
  2.8805324e+000
  2.8777813e+000
  2.8744225e+000
  2.8704802e+000
  2.8659775e+000
  2.8609368e+000
  2.8553797e+000
  2.8493268e+000
  2.8427982e+000
